City ID,City,Lat,Lng,Max Temp,Humidity,Cloudiness,Wind Speed,Country,Date
0,Karratha,-20.7377,116.8463,18.480000000000018,43,3,5.08,AU,1627749576
1,Alice Springs,-23.7,133.8833,17.75,32,0,3.09,AU,1627749576
2,Norman Wells,65.282,-126.8329,20.02000000000004,68,75,2.06,CA,1627749576
3,Bredasdorp,-34.5322,20.0403,13.620000000000005,82,94,1.54,ZA,1627749576
4,Castro,-24.7911,-50.0119,13.650000000000034,50,100,3.39,BR,1627749576
5,Bluff,-46.6,168.3333,8.78000000000003,96,100,0.84,NZ,1627749576
6,Punta Arenas,-53.15,-70.9167,5.060000000000002,60,0,6.17,CL,1627749441
7,Iskateley,67.6803,53.1512,13.970000000000027,72,100,4.89,RU,1627749576
8,Sur,22.5667,59.5289,33.04000000000002,55,72,6.46,OM,1627749576
9,Albany,42.6001,-73.9662,22.120000000000005,50,18,3.63,US,1627749577
10,Arraial do Cabo,-22.9661,-42.0278,20.980000000000018,94,75,4.12,BR,1627749577
11,Saint-Philippe,-21.3585,55.7679,20.75,74,50,6.76,RE,1627749577
12,Vaini,-21.2,-175.2,22.090000000000032,94,90,5.14,TO,1627749577
13,Coyhaique,-45.5752,-72.0662,5.340000000000032,60,0,3.09,CL,1627749293
14,Rikitea,-23.1203,-134.9692,21.460000000000036,70,41,4.53,PF,1627749577
15,Geraldton,-28.7667,114.6,15.629999999999995,72,75,6.69,AU,1627749577
16,Along,28.1667,94.7667,23.53000000000003,99,56,0.04,IN,1627749577
17,Nemuro,43.3236,145.575,18.480000000000018,99,100,6.81,JP,1627749578
18,Cape Town,-33.9258,18.4232,18.480000000000018,82,0,2.06,ZA,1627748931
19,Makakilo City,21.3469,-158.0858,24.27000000000004,70,75,3.6,US,1627749578
20,Barrow,71.2906,-156.7887,8.010000000000048,96,90,4.63,US,1627749578
21,Qaanaaq,77.484,-69.3632,6.060000000000002,84,49,1.26,GL,1627749578
22,Hilo,19.7297,-155.09,23.220000000000027,86,1,3.09,US,1627749518
23,Torbay,47.6666,-52.7314,20.49000000000001,81,92,7.97,CA,1627749578
24,Port Alfred,-33.5906,26.891,18.510000000000048,55,56,3.1,ZA,1627749578
25,Belyy Yar,53.6039,91.3903,14.939999999999998,88,0,1.0,RU,1627749578
26,Santa Maria,-29.6842,-53.8069,14.610000000000014,55,0,2.57,BR,1627749279
27,Saint-Augustin,51.226,-58.6502,13.650000000000034,92,100,4.98,CA,1627749579
28,São Filipe,14.8961,-24.4956,24.730000000000018,84,56,4.25,CV,1627749579
29,Bacalar,18.6667,-88.3833,30.060000000000002,79,75,5.14,MX,1627749579
30,Atuona,-9.8,-139.0333,24.730000000000018,73,37,5.59,PF,1627749579
31,Carrollton,32.9537,-96.8903,36.51000000000005,54,1,0.45,US,1627749579
32,Chokurdakh,70.6333,147.9167,2.1299999999999955,81,100,9.36,RU,1627749579
33,Busselton,-33.65,115.3333,10.600000000000023,77,90,13.27,AU,1627749579
34,Manzanillo,20.3433,-77.1167,31.850000000000023,59,22,2.99,CU,1627749579
35,Ribeira Brava,32.65,-17.0667,25.350000000000023,65,0,3.08,PT,1627749549
36,Lata,40.1629,-8.3327,24.470000000000027,48,70,6.67,PT,1627749579
37,Pemangkat,1.1667,108.9667,27.010000000000048,83,15,4.07,ID,1627749580
38,Binalan,18.3275,121.5451,26.560000000000002,79,100,2.01,PH,1627749580
39,Sangar,63.9242,127.4739,13.620000000000005,67,27,0.62,RU,1627749580
40,Puerto Ayora,-0.7393,-90.3518,22.980000000000018,89,83,4.02,EC,1627749580
41,Bosobolo,4.1833,19.9,24.400000000000034,80,90,0.69,CD,1627749580
42,Oktyabr'skiy,54.4815,53.471,20.350000000000023,86,98,2.82,RU,1627749580
43,Tulum,20.2167,-87.4667,31.629999999999995,66,65,3.26,MX,1627749580
44,São João da Barra,-21.6403,-41.0511,20.05000000000001,66,87,5.17,BR,1627749580
45,Khatanga,71.9667,102.5,20.730000000000018,36,9,5.72,RU,1627749640
46,Yellowknife,62.456,-114.3525,22.939999999999998,68,20,2.57,CA,1627749641
47,Bellavista,-7.0561,-76.5911,26.600000000000023,83,40,2.06,PE,1627749641
48,Kapaa,22.0752,-159.319,27.180000000000007,72,40,0.89,US,1627749641
49,Severo-Kuril'sk,50.6789,156.125,11.740000000000009,97,100,0.64,RU,1627749641
50,Dondo,-19.6094,34.7431,21.730000000000018,91,50,1.99,MZ,1627749641
51,Gizo Government Station,-8.103,156.8419,27.230000000000018,77,67,8.22,SB,1627749641
52,Provideniya,64.3833,-173.3,7.480000000000018,87,100,1.83,RU,1627749641
53,Saskylakh,71.9167,114.0833,19.24000000000001,38,0,3.99,RU,1627749641
54,Airai,-8.9266,125.4092,14.160000000000025,92,27,1.35,TL,1627749642
55,Markova,48.6758,24.4138,21.77000000000004,67,43,3.21,UA,1627749642
56,Nizwá,22.9333,57.5333,37.129999999999995,28,49,1.17,OM,1627749642
57,San Andrés,12.5847,-81.7006,30.010000000000048,74,20,6.69,CO,1627749642
58,Qasigiannguit,68.8193,-51.1922,14.140000000000043,60,4,2.74,GL,1627749642
59,Nikolskoye,59.7035,30.7861,21.939999999999998,56,10,2.86,RU,1627749642
60,Deputatsky,69.3,139.9,7.050000000000011,78,95,3.83,RU,1627749642
61,San Antonio,29.4241,-98.4936,34.32000000000005,67,40,0.0,US,1627749642
62,Tomatlán,19.9333,-105.25,26.950000000000045,83,100,0.78,MX,1627749642
63,East London,-33.0153,27.9116,20.52000000000004,37,0,3.09,ZA,1627749643
64,Mataura,-46.1927,168.8643,8.600000000000023,99,100,0.51,NZ,1627749643
65,Hobart,-42.8794,147.3294,9.920000000000016,74,100,1.79,AU,1627749643
66,Takoradze,4.8845,-1.7554,26.05000000000001,77,69,4.53,GH,1627749643
67,Kaitangata,-46.2817,169.8464,8.490000000000009,96,100,0.96,NZ,1627749643
68,Itarema,-2.9248,-39.9167,30.99000000000001,50,68,7.64,BR,1627749643
69,Buala,-8.145,159.5921,25.410000000000025,87,100,4.11,SB,1627749643
70,Aranos,-24.1333,19.1167,15.78000000000003,23,0,5.2,NA,1627749643
71,Bobrovka,54.047,61.7455,20.129999999999995,87,67,6.07,RU,1627749644
72,San Cristobal,7.7669,-72.225,29.100000000000023,49,37,4.05,VE,1627749644
73,Port Elizabeth,-33.918,25.5701,17.83000000000004,59,0,2.57,ZA,1627749644
74,Katherine,-14.4667,132.2667,21.180000000000007,60,25,2.06,AU,1627749644
75,Lorengau,-2.0226,147.2712,26.629999999999995,79,97,1.63,PG,1627749644
76,São Francisco,-15.9486,-44.8644,28.730000000000018,35,73,3.73,BR,1627749644
77,Padang,-0.9492,100.3543,24.80000000000001,89,99,1.78,ID,1627749578
78,San Patricio,28.017,-97.5169,33.82000000000005,46,28,2.63,US,1627749644
79,Nantucket,41.2835,-70.0995,23.470000000000027,53,1,5.14,US,1627749644
80,Cherskiy,68.75,161.3,5.550000000000011,92,100,7.1,RU,1627749621
81,Ushuaia,-54.8,-68.3,7.810000000000002,49,75,6.17,AR,1627749364
82,Hermanus,-34.4187,19.2345,16.060000000000002,82,100,0.77,ZA,1627749645
83,Butaritari,3.0707,172.7902,26.83000000000004,76,46,0.91,KI,1627749645
84,Praia da Vitória,38.7333,-27.0667,25.980000000000018,69,20,4.69,PT,1627749645
85,Yantal',56.8471,105.2542,14.420000000000016,94,14,1.2,RU,1627749645
86,Acarí,-15.4311,-74.6158,23.0,53,50,3.92,PE,1627749645
87,Grinnell,41.743,-92.7224,21.920000000000016,85,100,0.89,US,1627749645
88,Ilulissat,69.2167,-51.1,14.010000000000048,41,1,2.57,GL,1627749487
89,Saint George,37.1041,-113.5841,31.970000000000027,45,1,0.89,US,1627749705
90,Tuktoyaktuk,69.4541,-133.0374,16.0,88,75,7.2,CA,1627749706
91,Nanortalik,60.1432,-45.2371,9.260000000000048,79,67,5.73,GL,1627749706
92,Izhevskoye,54.5567,40.8703,21.450000000000045,66,49,3.13,RU,1627749706
93,George Town,5.4112,100.3354,26.970000000000027,86,20,0.45,MY,1627749706
94,Seoul,37.5683,126.9778,26.78000000000003,78,0,1.54,KR,1627749671
95,Baruun-Urt,46.6806,113.2792,11.54000000000002,88,44,3.23,MN,1627749706
96,Urubichá,-15.3833,-62.95,30.53000000000003,21,17,1.23,BO,1627749706
97,Evensk,61.95,159.2333,7.4500000000000455,64,52,1.98,RU,1627749706
98,Ust'-Ilimsk,58.0006,102.6619,18.680000000000007,66,100,1.72,RU,1627749548
99,Quetigny,47.3167,5.1167,20.810000000000002,56,100,4.12,FR,1627749707
100,Jiwani,25.05,61.7417,27.78000000000003,86,52,3.06,PK,1627749707
101,Jamestown,42.097,-79.2353,21.120000000000005,63,1,1.34,US,1627749707
102,Fayaoué,-20.65,166.5333,20.310000000000002,53,18,2.06,NC,1627749687
103,Vanimo,-2.6741,141.3028,25.110000000000014,89,70,2.0,PG,1627749707
104,Bengkulu,-3.8004,102.2655,24.53000000000003,90,56,1.83,ID,1627749707
105,Magadan,59.5667,150.8,9.080000000000041,83,80,2.42,RU,1627749707
106,Mackay,-21.15,149.2,20.379999999999995,94,40,2.57,AU,1627749707
107,Linjiang,41.8069,126.9078,21.660000000000025,97,88,0.84,CN,1627749707
108,Hithadhoo,-0.6,73.0833,27.600000000000023,73,92,2.33,MV,1627749708
109,Faya,18.3851,42.4509,21.060000000000002,83,90,5.17,SA,1627749708
110,Kahului,20.8947,-156.47,24.010000000000048,79,1,6.69,US,1627749549
111,Bambous Virieux,-20.3428,57.7575,21.230000000000018,78,40,5.66,MU,1627749708
112,Okha,53.5739,142.9478,11.75,69,100,2.7,RU,1627749479
113,Ostrovnoy,68.0531,39.5131,8.710000000000036,97,100,4.04,RU,1627749708
114,Aksarka,66.5606,67.7975,9.510000000000048,78,51,3.56,RU,1627749708
115,Ponta do Sol,32.6667,-17.1,25.350000000000023,65,0,2.57,PT,1627749708
116,Puerto Escondido,15.85,-97.0667,31.189999999999998,61,9,3.49,MX,1627749708
117,Riyadh,24.6877,46.7219,41.08000000000004,11,15,4.27,SA,1627749138
118,Vysokogornyy,50.1167,139.15,14.170000000000016,93,100,1.43,RU,1627749709
119,Iqaluit,63.7506,-68.5145,13.850000000000023,54,75,3.6,CA,1627749709
120,Agadir,30.4202,-9.5982,29.25,36,7,3.24,MA,1627749709
121,Los Llanos de Aridane,28.6585,-17.9182,23.400000000000034,82,20,7.72,ES,1627749709
122,Thinadhoo,0.5333,72.9333,28.32000000000005,67,90,1.17,MV,1627749709
123,Mount Gambier,-37.8333,140.7667,5.9500000000000455,100,100,3.09,AU,1627749709
124,San Miguel de Cozumel,20.5083,-86.9458,31.730000000000018,72,40,1.79,MX,1627749709
125,Pevek,69.7008,170.3133,1.580000000000041,81,94,1.02,RU,1627749661
126,Portland,45.5234,-122.6762,25.890000000000043,59,90,0.45,US,1627749372
127,Dingle,10.9995,122.6711,26.220000000000027,86,80,3.06,PH,1627749710
128,Cabedelo,-6.9811,-34.8339,30.370000000000005,73,25,8.88,BR,1627749710
129,Port Blair,11.6667,92.75,27.650000000000034,83,100,7.57,IN,1627749710
130,Ambatondrazaka,-17.8333,48.4167,13.900000000000034,86,44,3.67,MG,1627749710
131,Mirny,62.5353,113.9611,13.75,55,4,0.89,RU,1627749710
132,Caravelas,-17.7125,-39.2481,23.27000000000004,51,100,6.14,BR,1627749710
133,Pundaguitan,6.3711,126.1689,28.430000000000007,78,68,3.4,PH,1627749710
134,Vrangel',42.7297,133.0839,23.450000000000045,90,57,9.15,RU,1627749710
135,Rørvik,64.8621,11.2373,11.450000000000045,80,100,9.04,NO,1627749770
136,Alnashi,56.1874,52.4792,19.82000000000005,86,58,3.47,RU,1627749771
137,Williams Lake,52.1415,-122.1445,21.760000000000048,45,75,1.54,CA,1627749771
138,Saint Anthony,45.0205,-93.218,26.629999999999995,67,20,0.89,US,1627749771
139,Rāmshīr,30.8946,49.4092,40.920000000000016,14,0,5.08,IR,1627749771
140,Labuhan,-6.8844,112.2051,24.850000000000023,80,58,2.73,ID,1627749771
141,Hasaki,35.7333,140.8333,24.220000000000027,92,94,5.43,JP,1627749771
142,New Norfolk,-42.7826,147.0587,9.720000000000027,76,100,0.89,AU,1627749771
143,Kruisfontein,-34.0033,24.7314,16.05000000000001,59,84,0.44,ZA,1627749771
144,Dicabisagan,17.0818,122.4157,27.32000000000005,86,100,2.22,PH,1627749771
145,Vostok,46.4856,135.8833,17.460000000000036,97,30,1.94,RU,1627749771
146,Bilma,18.6853,12.9164,40.31,9,88,2.1,NE,1627749772
147,Sioux Lookout,50.1001,-91.917,20.210000000000036,64,75,3.6,CA,1627749772
148,Huanuni,-18.2667,-66.85,9.270000000000039,36,42,7.84,BO,1627749772
149,Chui,-33.6971,-53.4616,13.740000000000009,61,0,3.03,UY,1627749772
150,Faanui,-16.4833,-151.75,25.08000000000004,67,66,8.3,PF,1627749772
151,Alofi,-19.0595,-169.9187,25.939999999999998,89,100,5.14,NU,1627749772
152,Pamanukan,-6.2842,107.8106,24.400000000000034,86,12,2.03,ID,1627749772
153,Las Palmas,28.4204,-14.0131,23.439999999999998,73,20,9.77,ES,1627749772
154,Barcelos,41.5388,-8.6151,23.29000000000002,56,47,7.06,PT,1627749772
155,Ilhabela,-23.7781,-45.3581,18.920000000000016,57,45,2.37,BR,1627749772
156,Kalmunai,7.4167,81.8167,28.970000000000027,71,91,2.88,LK,1627749773
157,Puerto Cabezas,14.0351,-83.3888,27.980000000000018,83,75,3.09,NI,1627749773
158,Codrington,-38.2667,141.9667,6.890000000000043,89,100,4.02,AU,1627749773
159,Port Hardy,50.6996,-127.4199,15.100000000000023,88,90,2.06,CA,1627749773
160,Waitara,-38.925,174.25,10.0,83,100,2.19,NZ,1627749773
161,Avarua,-21.2078,-159.775,23.03000000000003,73,40,7.72,CK,1627749773
162,Erzin,36.9559,36.2,32.29000000000002,79,0,2.77,TR,1627749773
163,Broken Hill,-31.95,141.4333,10.840000000000032,82,75,5.66,AU,1627749773
164,Dikson,73.5069,80.5464,6.550000000000011,91,100,5.83,RU,1627749773
165,Lüderitz,-26.6481,15.1594,21.560000000000002,32,0,4.07,NA,1627749774
166,Wattegama,6.7989,81.4808,26.710000000000036,66,79,2.13,LK,1627749774
167,Kidal,18.4411,1.4078,34.05000000000001,31,38,5.93,ML,1627749774
168,Lākheri,25.6667,76.1667,25.629999999999995,91,100,3.53,IN,1627749774
169,Ust-Tsilma,65.441,52.1498,13.360000000000014,99,100,2.53,RU,1627749774
170,Aswān,24.0934,32.907,41.610000000000014,11,0,4.12,EG,1627749751
171,Bedēsa,8.9,40.7833,16.99000000000001,86,85,2.48,ET,1627749774
172,Tasiilaq,65.6145,-37.6368,12.090000000000032,75,100,1.25,GL,1627749628
173,Zatoka,46.0725,30.4654,29.30000000000001,63,40,4.53,UA,1627749774
174,Mildura,-34.2,142.15,10.980000000000018,100,90,0.51,AU,1627749774
175,Honiara,-9.4333,159.95,24.390000000000043,89,93,1.88,SB,1627749774
176,Fairbanks,64.8378,-147.7164,16.160000000000025,83,1,2.06,US,1627749775
177,Belmonte,-15.8631,-38.8828,22.0,66,95,7.83,BR,1627749775
178,Karonga,-9.9333,33.9333,22.28000000000003,68,34,4.16,MW,1627749775
179,Talgar,43.3027,77.2395,19.090000000000032,35,0,1.0,KZ,1627749775
180,Hoa Binh,20.8133,105.3383,31.939999999999998,87,99,2.12,VN,1627749775
181,Lavrentiya,65.5833,-171.0,6.080000000000041,89,100,3.66,RU,1627749660
182,Launceston,-41.45,147.1667,8.78000000000003,93,75,3.58,AU,1627749493
183,São José da Coroa Grande,-8.8978,-35.1478,26.340000000000032,74,28,6.52,BR,1627749775
184,Soyo,-6.1349,12.3689,25.03000000000003,79,1,3.89,AO,1627749775
185,Bonthe,7.5264,-12.505,23.660000000000025,90,100,5.52,SL,1627749775
186,Okhotsk,59.3833,143.3,12.230000000000018,77,5,2.2,RU,1627749835
187,Akdepe,42.0551,59.3788,29.05000000000001,14,0,7.09,TM,1627749836
188,Road Town,18.4167,-64.6167,30.670000000000016,79,40,5.14,VG,1627749836
189,Vila,42.0304,-8.1588,17.629999999999995,57,59,4.82,PT,1627749836
190,Longyearbyen,78.2186,15.6401,6.910000000000025,70,75,5.66,SJ,1627749836
191,Talnakh,69.4865,88.3972,12.610000000000014,78,63,6.28,RU,1627749836
192,Kinablangan,7.6947,126.5503,26.140000000000043,85,96,2.13,PH,1627749836
193,Socorro,31.6546,-106.3033,30.090000000000032,46,90,0.0,US,1627749836
194,Howard Springs,-12.497,131.047,23.950000000000045,96,6,1.11,AU,1627749836
195,Taoudenni,22.6783,-3.9836,45.24000000000001,8,4,2.89,ML,1627749836
196,Yangi Marg`ilon,40.4272,71.7189,29.400000000000034,30,69,2.06,UZ,1627749837
197,Coripata,-16.3,-67.6,28.450000000000045,53,79,1.73,BO,1627749837
198,Digby,44.6169,-65.7655,18.160000000000025,68,4,6.15,CA,1627749837
199,Beloha,-25.1667,45.05,19.340000000000032,73,0,6.29,MG,1627749837
200,Bolobo,-2.1667,16.2333,30.660000000000025,32,75,1.13,CD,1627749837
201,Zhuangyuan,37.2975,120.8256,22.79000000000002,97,1,2.22,CN,1627749837
202,Yulara,-25.2406,130.9889,14.910000000000025,67,40,4.12,AU,1627749837
203,Santiago del Estero,-27.7951,-64.2615,19.340000000000032,17,38,2.71,AR,1627749578
204,Thompson,55.7435,-97.8558,20.090000000000032,49,75,4.63,CA,1627749838
205,Mar del Plata,-38.0023,-57.5575,14.010000000000048,59,0,1.79,AR,1627749838
206,Shaowu,27.3409,117.4831,25.260000000000048,93,99,0.48,CN,1627749838
207,Havelock,34.8791,-76.9013,32.77000000000004,80,75,1.34,US,1627749838
208,Verkhnyaya Inta,65.9811,60.3094,13.53000000000003,59,82,4.62,RU,1627749838
209,Hambantota,6.1241,81.1185,26.860000000000014,79,95,8.23,LK,1627749838
210,Amursk,50.2261,136.8994,12.930000000000007,82,99,7.58,RU,1627749838
211,Cabo San Lucas,22.8909,-109.9124,34.78000000000003,66,56,1.79,MX,1627749617
212,Indianola,41.3581,-93.5574,22.689999999999998,96,100,3.55,US,1627749838
213,Saldanha,-33.0117,17.9442,19.03000000000003,64,27,0.51,ZA,1627749839
214,La Reforma,25.0833,-108.05,32.64000000000004,53,3,2.47,MX,1627749839
215,Kupang,-10.1667,123.5833,24.370000000000005,82,57,4.34,ID,1627749839
216,Tsarítsani,39.8833,22.2333,36.379999999999995,19,12,2.87,GR,1627749839
217,Masterton,-40.9597,175.6575,6.600000000000023,97,55,0.98,NZ,1627749839
218,Bethel,41.3712,-73.414,23.650000000000034,54,20,2.24,US,1627749839
219,Aklavik,68.2191,-135.0107,20.460000000000036,68,75,1.54,CA,1627749839
220,Gamboula,4.1178,15.1393,24.53000000000003,81,87,2.14,CF,1627749839
221,Orchard Homes,46.8633,-114.0484,29.04000000000002,35,1,0.0,US,1627749839
222,Vangaindrano,-23.35,47.6,18.07000000000005,76,2,1.71,MG,1627749840
223,Ketchikan,55.3422,-131.6461,16.260000000000048,100,90,2.57,US,1627749840
224,Byron Bay,-28.65,153.6167,15.970000000000027,89,3,6.0,AU,1627749761
225,Ambovombe,-25.1667,46.0833,19.32000000000005,77,0,7.23,MG,1627749840
226,Preobrazheniye,42.9019,133.9064,22.450000000000045,95,96,6.65,RU,1627749651
227,Mahébourg,-20.4081,57.7,21.25,78,40,5.66,MU,1627749840
228,Luanda,-8.8368,13.2343,25.0,69,0,4.63,AO,1627749840
229,Lagoa,39.05,-27.9833,21.860000000000014,78,43,4.0,PT,1627749900
230,Barrancas,10.9576,-72.7877,35.53000000000003,42,19,2.96,CO,1627749900
231,Chinhoyi,-17.3667,30.2,18.5,37,25,2.78,ZW,1627749901
232,Formosa,-26.1775,-58.1781,21.99000000000001,30,0,5.14,AR,1627749901
233,Udachny,66.4167,112.4,18.060000000000002,38,8,2.49,RU,1627749901
234,Mandalgovi,45.7625,106.2708,15.78000000000003,66,92,3.96,MN,1627749901
235,Yegros,-26.45,-56.4,20.370000000000005,30,68,2.24,PY,1627749901
236,Lebu,-37.6167,-73.65,11.090000000000032,57,52,5.69,CL,1627749901
237,Saint-Joseph,-21.3667,55.6167,20.210000000000036,73,27,7.1,RE,1627749865
238,Shādegān,30.6497,48.6647,40.950000000000045,18,0,4.92,IR,1627749901
239,Jalu,29.0331,21.5482,39.10000000000002,10,0,3.7,LY,1627749901
240,Hastings,50.8552,0.5729,21.180000000000007,63,77,7.01,GB,1627749902
241,San Jose,37.3394,-121.895,26.02000000000004,57,20,3.6,US,1627749902
242,Zhaotong,27.3167,103.7167,12.510000000000048,89,3,0.55,CN,1627749902
243,Leningradskiy,69.3833,178.4167,0.27000000000003865,90,99,3.82,RU,1627749902
244,Castle Douglas,54.9409,-3.9278,18.189999999999998,64,95,4.14,GB,1627749903
245,Thayetmyo,19.3167,95.1833,25.450000000000045,86,100,2.8,MM,1627749904
246,Aykhal,66.0,111.5,16.400000000000034,40,10,2.23,RU,1627749823
247,Iquitos,-3.7481,-73.2472,24.02000000000004,73,0,0.51,PE,1627749904
248,Dudinka,69.4058,86.1778,11.53000000000003,88,80,6.82,RU,1627749905
249,Clyde River,70.4692,-68.5914,9.129999999999995,76,40,3.6,CA,1627749905
250,Ust'-Kut,56.7938,105.7672,14.650000000000034,87,1,1.46,RU,1627749905
251,Klaksvík,62.2266,-6.589,11.510000000000048,78,99,7.32,FO,1627749905
252,Koson,39.0375,65.585,32.18000000000001,20,30,4.25,UZ,1627749906
253,Chicama,-7.8447,-79.1469,18.30000000000001,61,10,4.47,PE,1627749906
254,Chul'man,56.8479,124.9104,6.930000000000007,82,71,1.22,RU,1627749906
255,Naryan-Mar,67.6713,53.087,13.950000000000045,73,100,4.88,RU,1627749906
256,Constitución,-35.3333,-72.4167,14.57000000000005,64,100,3.91,CL,1627749906
257,Darnah,32.767,22.6367,30.629999999999995,46,0,8.78,LY,1627749906
258,Darhan,49.4867,105.9228,15.410000000000025,86,85,0.46,MN,1627749906
259,Coxim,-18.5067,-54.76,31.640000000000043,13,32,1.55,BR,1627749907
260,Chake Chake,-5.2459,39.7666,23.340000000000032,78,39,5.13,TZ,1627749907
261,Dingzhou,38.5131,114.9956,29.060000000000002,87,4,3.1,CN,1627749907
262,Cidreira,-30.1811,-50.2056,14.740000000000009,69,0,6.96,BR,1627749907
263,Tiksi,71.6872,128.8694,4.210000000000036,92,63,2.37,RU,1627749907
264,Pisco,-13.7,-76.2167,18.340000000000032,72,90,3.6,PE,1627749748
265,Kachug,53.9606,105.8817,15.850000000000023,89,45,2.1,RU,1627749907
266,Kulhudhuffushi,6.6221,73.07,27.660000000000025,78,66,5.21,MV,1627749907
267,Katsuura,35.1333,140.3,27.28000000000003,87,36,2.42,JP,1627749907
268,Husavik,66.0449,-17.3389,16.950000000000045,56,6,2.83,IS,1627749907
269,Nagato,34.3833,131.2,26.950000000000045,91,95,2.02,JP,1627749908
270,Chýnov,49.4068,14.8112,23.980000000000018,71,50,2.89,CZ,1627749908
271,Ternovskaya,45.8542,40.4086,29.100000000000023,35,25,3.63,RU,1627749908
272,Miles City,46.4083,-105.8406,29.170000000000016,32,1,1.54,US,1627749908
273,Te Anau,-45.4167,167.7167,8.0,98,100,0.93,NZ,1627749908
274,Wajima,37.4,136.9,25.83000000000004,83,0,1.88,JP,1627749908
275,Rantepao,-2.9701,119.8978,19.850000000000023,98,95,0.69,ID,1627749908
276,Hofn,64.2539,-15.2082,9.200000000000045,87,45,4.7,IS,1627749968
277,Jyvaskyla,62.2415,25.7209,21.200000000000045,77,0,2.06,FI,1627749968
278,Saint Paul Harbor,57.79,-152.4072,10.730000000000018,93,90,2.06,US,1627749969
279,Iralaya,15.0,-83.2333,27.05000000000001,79,100,5.69,HN,1627749969
280,Sitka,57.0531,-135.33,16.939999999999998,82,75,2.06,US,1627749969
281,San Ignacio,17.1561,-89.0714,28.680000000000007,77,89,2.5,BZ,1627749969
282,Issaquah,47.5301,-122.0326,23.730000000000018,57,1,0.89,US,1627749969
283,Manaure,11.7751,-72.4445,32.25,51,1,9.98,CO,1627749969
284,Amazar,53.858,120.875,11.100000000000023,95,82,2.03,RU,1627749969
285,Zhalantun,48.0,122.7167,15.720000000000027,93,100,3.22,CN,1627749969
286,Poum,-20.2333,164.0167,20.140000000000043,59,4,8.22,NC,1627749969
287,Bétaré Oya,5.6,14.0833,22.370000000000005,91,91,0.88,CM,1627749969
288,Kabare,-2.4683,28.8242,19.340000000000032,54,33,1.16,CD,1627749969
289,Souillac,-20.5167,57.5167,21.310000000000002,78,40,5.66,MU,1627749800
290,Tipp City,39.9584,-84.1722,26.480000000000018,60,75,3.6,US,1627749922
291,Whittlesea,-32.1759,26.8244,13.189999999999998,16,12,2.57,ZA,1627749970
292,Chumikan,54.7183,135.315,9.340000000000032,96,100,2.18,RU,1627749970
293,Westport,41.1415,-73.3579,24.670000000000016,54,40,0.45,US,1627749970
294,Kleítos,40.4333,21.8667,34.400000000000034,11,1,3.6,GR,1627749970
295,Yumen,40.2833,97.2,26.900000000000034,18,85,11.88,CN,1627749970
296,Paradise,36.0972,-115.1467,32.18000000000001,38,75,4.63,US,1627749970
297,Morant Bay,17.8815,-76.4093,33.120000000000005,68,5,5.35,JM,1627749970
298,Kstovo,56.1473,44.1979,23.660000000000025,47,55,4.56,RU,1627749971
299,Juan de Ayolas,-27.4,-56.9,20.28000000000003,33,9,2.06,PY,1627749971
300,São Gonçalo dos Campos,-12.4333,-38.9667,22.660000000000025,84,83,5.73,BR,1627749971
301,Mahanoro,-19.9,48.8,18.920000000000016,75,0,2.64,MG,1627749971
302,Níjar,36.9665,-2.206,30.49000000000001,54,0,13.38,ES,1627749852
303,Guerrero Negro,27.9769,-114.0611,26.640000000000043,56,38,3.51,MX,1627749971
304,Korla,41.7597,86.1469,25.24000000000001,30,95,6.98,CN,1627749971
305,Levice,48.2156,18.6071,28.610000000000014,44,21,3.24,SK,1627749971
306,Kitimat,54.0524,-128.6534,20.210000000000036,63,0,0.43,CA,1627749971
307,San Quintín,30.4833,-115.95,24.340000000000032,68,0,4.42,MX,1627749972
308,Nago,26.5881,127.9761,28.24000000000001,92,69,3.12,JP,1627749972
309,Pokhara,28.2333,83.9833,23.53000000000003,95,94,0.72,NP,1627749730
310,Lázaro Cárdenas,17.9583,-102.2,30.110000000000014,63,55,2.08,MX,1627749972
311,La Foa,-21.7108,165.8276,14.920000000000016,62,27,5.3,NC,1627749972
312,Durban,-29.8579,31.0292,18.340000000000032,76,0,4.15,ZA,1627749774
313,Iquique,-20.2208,-70.1431,17.02000000000004,67,14,4.22,CL,1627749713
314,Marzuq,14.4,46.4667,25.900000000000034,63,30,4.39,YE,1627749972
315,Hong Kong,22.2855,114.1577,30.54000000000002,93,91,0.45,HK,1627749822
316,Parrita,9.5201,-84.3225,36.10000000000002,69,13,2.92,CR,1627749972
317,Nicoya,10.1483,-85.452,30.75,67,19,1.75,CR,1627749972
318,La Ronge,55.1001,-105.2842,23.120000000000005,43,20,2.57,CA,1627749973
319,Sierre,46.2919,7.5356,24.32000000000005,57,75,5.14,CH,1627749973
320,Peniche,39.3558,-9.3811,23.200000000000045,69,85,9.45,PT,1627749973
321,Gōtsuchō,35.0,132.2167,24.57000000000005,77,99,1.78,JP,1627749973
322,Paamiut,61.994,-49.6678,8.160000000000025,82,87,6.07,GL,1627749973
323,Esperance,-33.8667,121.9,8.910000000000025,71,5,11.48,AU,1627749973
324,Sisian,39.5256,46.0251,23.200000000000045,78,63,2.67,AM,1627750033
325,Abu Samrah,35.3029,37.1841,32.460000000000036,30,0,6.04,SY,1627750033
326,Egvekinot,66.3167,-179.1667,0.3100000000000023,75,100,4.16,RU,1627750034
327,Ribeira Grande,38.5167,-28.7,25.220000000000027,69,20,5.14,PT,1627750023
328,Tabuk,17.4189,121.4443,25.200000000000045,81,100,1.33,PH,1627750034
329,Turukhansk,65.8167,87.9833,11.900000000000034,63,61,2.95,RU,1627750034
330,Ugra,54.7777,34.3267,19.49000000000001,69,69,1.98,RU,1627750034
331,Havre-St-Pierre,50.2334,-63.5986,13.200000000000045,94,90,6.69,CA,1627750034
332,San Lazaro,18.0387,-88.6622,29.879999999999995,78,94,3.05,BZ,1627750034
333,San Luis,-33.295,-66.3356,15.53000000000003,25,0,4.73,AR,1627749963
334,Ceres,37.5949,-120.9577,36.420000000000016,43,1,3.09,US,1627750034
335,Harpanahalli,14.8,75.9833,22.27000000000004,83,100,6.51,IN,1627750034
336,Yarmouth,41.7057,-70.2286,24.140000000000043,58,1,2.24,US,1627750035
337,Kuala Terengganu,5.3302,103.1408,24.970000000000027,100,40,0.0,MY,1627750035
338,Owando,-0.4819,15.8999,31.230000000000018,32,69,0.63,CG,1627750035
339,Rolla,37.9514,-91.7713,31.03000000000003,89,75,0.89,US,1627750035
340,Bonfim,3.0833,-59.95,29.5,63,40,1.95,BR,1627750035
341,Quelimane,-17.8786,36.8883,22.970000000000027,68,40,2.24,MZ,1627750035
342,Zhigansk,66.7697,123.3711,18.010000000000048,42,26,2.66,RU,1627750035
343,Rincon,32.296,-81.2354,34.39000000000004,62,40,4.12,US,1627750035
344,Yinchuan,38.4681,106.2731,26.590000000000032,24,0,5.53,CN,1627750035
345,Tateyama,34.9833,139.8667,27.230000000000018,82,3,1.46,JP,1627750036
346,Salalah,17.0151,54.0924,26.05000000000001,89,90,3.6,OM,1627749855
347,Tuatapere,-46.1333,167.6833,8.79000000000002,98,100,1.19,NZ,1627750036
348,Pochutla,15.7432,-96.4661,33.23000000000002,48,8,1.84,MX,1627750036
349,Tāndā,26.55,82.65,26.840000000000032,84,89,6.84,IN,1627750036
350,Agua Verde,22.9,-106.05,30.629999999999995,72,85,4.32,MX,1627750036
351,Puerto Madryn,-42.7692,-65.0385,9.560000000000002,33,0,2.19,AR,1627750036
352,Marrakesh,31.6315,-8.0083,36.04000000000002,24,1,4.63,MA,1627749853
353,Great Falls,47.5002,-111.3008,28.850000000000023,38,1,3.09,US,1627750036
354,Sarakhs,36.5449,61.1577,30.08000000000004,17,0,0.0,IR,1627750036
355,Santiago,-33.4569,-70.6483,25.160000000000025,28,27,1.54,CL,1627749854
356,Cayenne,4.9333,-52.3333,28.939999999999998,79,75,2.24,GF,1627750037
357,Verkhnevilyuysk,63.4453,120.3167,15.230000000000018,52,14,1.41,RU,1627750037
358,Abonnema,4.7084,6.7931,27.82000000000005,68,99,4.66,NG,1627750037
359,Ixtapa,20.7,-105.2,27.350000000000023,89,90,2.06,MX,1627750037
360,Anori,-3.7728,-61.6442,33.79000000000002,31,47,1.33,BR,1627750037
361,Algete,40.5971,-3.4974,25.810000000000002,51,40,2.24,ES,1627750037
362,Brae,60.3964,-1.353,12.950000000000045,74,78,7.81,GB,1627750037
363,Galle,6.0367,80.217,26.53000000000003,86,90,4.65,LK,1627750038
364,Ranau,5.9538,116.6641,23.360000000000014,84,27,0.61,MY,1627750038
365,Half Moon Bay,37.4636,-122.4286,24.470000000000027,77,40,0.89,US,1627750038
366,Les Cayes,18.2,-73.75,31.430000000000007,62,10,5.44,HT,1627750038
367,Namie,37.4833,141.0,24.870000000000005,98,82,1.48,JP,1627749753
368,Christchurch,-43.5333,172.6333,11.110000000000014,88,90,3.58,NZ,1627749760
369,Tsagan Aman,47.5639,46.7218,28.129999999999995,17,91,1.49,RU,1627750038
370,Vanavara,60.34,102.2797,16.420000000000016,87,100,1.84,RU,1627750038
371,Acaraú,-2.8856,-40.12,31.390000000000043,49,59,7.0,BR,1627750098
372,Gwadar,25.1216,62.3254,27.590000000000032,84,63,3.91,PK,1627750098
373,Melfi,40.9965,15.6514,34.31,17,0,5.62,IT,1627750099
374,Vardø,70.3705,31.1107,9.050000000000011,91,100,7.37,NO,1627750099
375,Laguna,38.421,-121.4238,33.129999999999995,60,1,2.68,US,1627750099
376,Simbahan,6.3032,120.5836,28.629999999999995,78,71,3.34,PH,1627750099
377,Taunggyi,20.7833,97.0333,17.560000000000002,97,98,1.66,MM,1627750099
378,Guthrie,35.8789,-97.4253,36.410000000000025,59,0,4.12,US,1627750099
379,Zeya,53.75,127.2667,11.689999999999998,82,100,2.33,RU,1627749853
380,San Rafael,-34.6177,-68.3301,14.080000000000041,41,19,3.75,AR,1627750099
381,Vila Velha,-20.3297,-40.2925,23.310000000000002,47,0,6.17,BR,1627749918
382,Wanaka,-44.7,169.15,6.260000000000048,91,95,1.57,NZ,1627750100
383,Uvalde,29.3669,-99.767,35.29000000000002,39,40,3.09,US,1627750100
384,Lusambo,-4.9667,23.45,28.210000000000036,22,34,1.25,CD,1627749956
385,Bossangoa,6.4926,17.4552,22.650000000000034,93,97,3.14,CF,1627750100
386,Hobyo,5.3505,48.5268,24.99000000000001,76,98,11.74,SO,1627750100
387,Labuan,5.2767,115.2417,27.090000000000032,94,20,0.0,MY,1627750100
388,Buraidah,26.326,43.975,40.25,9,20,2.6,SA,1627749858
389,Fortuna,40.5982,-124.1573,13.879999999999995,96,75,0.0,US,1627750100
390,Fort Nelson,58.8053,-122.7002,19.77000000000004,64,1,2.06,CA,1627750100
391,Kailua,21.4022,-157.7394,25.08000000000004,73,20,6.69,US,1627750100
392,Sigli,5.3848,95.9609,27.390000000000043,67,99,3.72,ID,1627750100
393,Rehoboth,-23.3167,17.0833,16.060000000000002,16,0,4.47,NA,1627750101
394,Alappuzha,9.49,76.3264,26.590000000000032,80,1,6.05,IN,1627750101
395,Hvolsvollur,63.7533,-20.2243,13.230000000000018,80,96,3.45,IS,1627750101
396,Nova Olímpia,-14.7972,-57.2881,34.29000000000002,13,4,1.48,BR,1627750101
397,Villamontes,-21.25,-63.5,23.370000000000005,18,100,2.22,BO,1627750101
398,Bandarbeyla,9.4942,50.8122,24.480000000000018,83,100,11.86,SO,1627750101
399,Malindi,-3.2175,40.1191,24.090000000000032,78,75,5.14,KE,1627750101
400,Laramie,41.3114,-105.5911,19.200000000000045,76,90,0.0,US,1627750101
401,Adrar,20.5022,-10.0711,40.22000000000003,17,67,2.59,MR,1627750101
402,Naze,28.3667,129.4833,25.670000000000016,88,100,2.67,JP,1627750101
403,Ossora,59.2353,163.0719,8.210000000000036,77,5,2.11,RU,1627750102
404,Sepuka,-4.75,34.5333,19.32000000000005,46,18,4.82,TZ,1627750102
405,Soke,13.598,-5.9386,31.260000000000048,55,99,5.28,ML,1627750102
406,Kuminskiy,58.6667,66.5667,13.5,92,47,2.64,RU,1627750102
407,Nome,64.5011,-165.4064,10.04000000000002,87,90,10.29,US,1627750102
408,Carnarvon,-24.8667,113.6333,12.04000000000002,55,40,3.6,AU,1627750102
409,Eqbālīyeh,35.3022,51.5358,35.69,24,43,8.61,IR,1627750102
410,Taltal,-25.4,-70.4833,18.04000000000002,64,20,3.8,CL,1627749927
411,Amuntai,-2.4177,115.2494,22.79000000000002,96,18,0.34,ID,1627750102
412,Bereda,43.2686,-7.5406,21.900000000000034,47,71,2.65,ES,1627750102
413,Monticello,45.3055,-93.7941,27.100000000000023,63,1,2.06,US,1627750102
414,Kununurra,-15.7667,128.7333,20.99000000000001,88,5,1.54,AU,1627750103
415,Margate,51.3813,1.3862,20.620000000000005,88,69,0.45,GB,1627750103
416,Sola,-13.8833,167.55,24.980000000000018,75,100,6.52,VU,1627750103
417,Antofagasta,-23.65,-70.4,17.900000000000034,61,13,3.72,CL,1627749942
418,Zhangye,38.9342,100.4517,27.33000000000004,23,1,5.07,CN,1627750103
419,Ekibastuz,51.6667,75.3667,23.03000000000003,36,26,5.45,KZ,1627750094
420,Haines Junction,60.7522,-137.5108,13.970000000000027,62,10,1.03,CA,1627750103
421,Dalby,-27.1833,151.2667,13.879999999999995,86,0,1.34,AU,1627750163
422,Ancud,-41.8697,-73.8203,8.740000000000009,63,24,1.82,CL,1627750163
423,Srednekolymsk,67.45,153.6833,5.850000000000023,78,79,6.65,RU,1627749981
424,Erdenet,49.0333,104.0833,13.189999999999998,85,100,0.86,MN,1627750164
425,Oxapampa,-10.5775,-75.4017,17.310000000000002,78,93,1.7,PE,1627750164
426,Lerwick,60.1545,-1.1494,13.0,72,95,7.75,GB,1627750005
427,Rajec,49.089,18.6401,27.78000000000003,62,20,4.63,SK,1627750164
428,Skagen,57.7209,10.5839,16.82000000000005,74,42,10.58,DK,1627750164
429,Robertsport,6.7533,-11.3686,25.100000000000023,85,86,5.67,LR,1627750164
430,Shimoda,34.6667,138.95,25.060000000000002,84,8,2.06,JP,1627750164
431,Champerico,14.3,-91.9167,32.97000000000003,74,1,1.46,GT,1627750164
432,Presidencia Roque Sáenz Peña,-26.7852,-60.4388,19.390000000000043,25,84,2.41,AR,1627750164
433,Siuna,13.7332,-84.7773,27.370000000000005,83,99,2.4,NI,1627750164
434,Vawkavysk,53.1561,24.4513,26.83000000000004,68,100,2.25,BY,1627750165
435,Zhongshu,24.5167,103.7667,17.620000000000005,97,100,1.99,CN,1627750165
436,Maunabo,18.0072,-65.8993,30.950000000000045,86,90,6.9,PR,1627750165
437,Ozernovskiy,51.5,156.5167,11.870000000000005,95,100,2.22,RU,1627750165
438,Humberto de Campos,-2.5983,-43.4611,32.460000000000036,38,64,3.51,BR,1627750165
439,Kavieng,-2.5744,150.7967,27.24000000000001,77,9,2.87,PG,1627750165
440,Saint-Louis,16.3333,-15.0,37.80000000000001,40,98,5.22,SN,1627750165
441,Tessalit,20.1986,1.0114,40.73000000000002,15,6,1.92,ML,1627750165
442,Kabalo,-6.05,26.9167,28.32000000000005,25,8,2.21,CD,1627750165
443,Port Macquarie,-31.4333,152.9167,7.980000000000018,76,0,4.28,AU,1627750166
444,Sinazongwe,-17.2614,27.4618,20.379999999999995,50,4,1.44,ZM,1627750166
445,Otukpo,7.1913,8.1329,26.510000000000048,75,100,1.51,NG,1627750166
446,Racine,42.7495,-88.0751,25.79000000000002,61,5,3.6,US,1627750166
447,Upernavik,72.7868,-56.1549,5.410000000000025,80,97,3.73,GL,1627750166
448,Hargeisa,9.56,44.065,22.390000000000043,48,15,11.98,SO,1627750166
449,Aksu,41.1231,80.2644,26.189999999999998,29,0,4.66,CN,1627750166
450,Progreso,21.2833,-89.6667,32.84000000000003,60,12,4.89,MX,1627750166
451,Raymond,43.9015,-70.4703,23.200000000000045,54,40,2.5,US,1627750167
452,Novyy Svit,47.8059,38.0211,26.78000000000003,53,99,2.76,UA,1627750167
453,Batticaloa,7.7102,81.6924,28.430000000000007,72,81,3.25,LK,1627750167
454,Cotonou,6.3654,2.4183,28.99000000000001,74,40,6.17,BJ,1627749951
455,Coquimbo,-29.9533,-71.3436,12.850000000000023,71,20,4.63,CL,1627750049
456,Karangampel,-6.4622,108.4519,25.74000000000001,76,23,2.94,ID,1627750167
457,Carballo,43.213,-8.691,22.55000000000001,74,85,2.79,ES,1627750167
458,Nhulunbuy,-12.2333,136.7667,23.340000000000032,94,30,0.0,AU,1627750167
459,Isangel,-19.55,169.2667,20.260000000000048,58,4,6.63,VU,1627750167
460,Mayna,54.1135,47.6231,20.25,78,36,3.16,RU,1627750167
461,Katangli,51.7102,143.2326,11.830000000000041,85,100,5.11,RU,1627750168
462,Zanjān,36.6736,48.4787,20.04000000000002,70,33,3.99,IR,1627750168
463,Ende,-8.8432,121.6623,24.689999999999998,89,90,3.08,ID,1627750168
464,Nishihara,26.1842,127.7558,27.810000000000002,95,75,5.14,JP,1627750168
465,Porto-Novo,6.4965,2.6036,28.900000000000034,70,38,4.6,BJ,1627750006
466,Talcahuano,-36.7167,-73.1167,9.82000000000005,62,0,7.72,CL,1627750168
467,Shelburne,44.0787,-80.2041,20.970000000000027,40,100,3.64,CA,1627750228
468,Xichang,27.8964,102.2634,17.010000000000048,81,24,0.95,CN,1627750228
469,Mehrān,33.1222,46.1646,39.710000000000036,8,0,1.82,IR,1627750228
470,Kenai,60.5544,-151.2583,13.350000000000023,91,75,0.0,US,1627750228
471,Grøa,62.65,8.7167,13.050000000000011,82,100,2.64,NO,1627750228
472,Pekan,3.4836,103.3996,26.060000000000002,83,78,2.18,MY,1627750229
473,Shaoxing,30.011,120.5715,26.970000000000027,90,90,1.3,CN,1627750229
474,Manavālakurichi,8.1333,77.3,28.05000000000001,79,46,8.3,IN,1627750229
475,Jasper,37.2001,-94.3502,34.34000000000003,60,1,0.89,US,1627750229
476,Lompoc,34.6391,-120.4579,20.510000000000048,86,90,2.06,US,1627750181
477,Hudson Bay,52.85,-102.3842,25.170000000000016,28,4,2.36,CA,1627750229
478,Henties Bay,-22.116,14.2845,27.140000000000043,40,0,4.52,NA,1627750229
479,Havøysund,70.9963,24.6622,8.490000000000009,87,100,4.51,NO,1627750229
480,Rome,43.2128,-75.4557,21.57000000000005,55,20,0.45,US,1627750207
481,Dolores,-36.3132,-57.6792,14.25,47,90,3.75,AR,1627750229
482,Mayor Pablo Lagerenza,-19.9309,-60.7718,28.28000000000003,13,73,2.44,PY,1627750230
483,Bathsheba,13.2167,-59.5167,31.340000000000032,74,40,8.23,BB,1627750212
484,Cockburn Town,21.4612,-71.1419,30.980000000000018,62,40,6.17,TC,1627750230
485,Tautira,-17.7333,-149.15,20.010000000000048,59,84,5.67,PF,1627750230
486,Levelland,33.5873,-102.378,31.220000000000027,37,4,3.64,US,1627750173
487,Ivangorod,59.3716,28.2162,18.980000000000018,72,70,3.02,RU,1627750230
488,Balangiga,11.1097,125.3875,27.700000000000045,81,100,3.0,PH,1627750230
489,Urucará,-2.5364,-57.76,34.72000000000003,31,19,1.63,BR,1627750230
490,Haimen,23.1935,116.6142,25.939999999999998,87,99,7.46,CN,1627750230
491,Eau Claire,44.8114,-91.4985,24.220000000000027,74,20,0.89,US,1627750231
492,Charter Township of Clinton,42.587,-82.9199,25.54000000000002,64,75,0.45,US,1627750231
493,‘Āhuimanu,21.4447,-157.8378,24.920000000000016,71,20,6.69,US,1627750231
494,Harper,4.375,-7.7169,25.140000000000043,83,89,5.49,LR,1627750231
495,Esmeraldas,-19.7625,-44.3139,21.170000000000016,30,2,3.99,BR,1627750231
496,Conde,-7.2597,-34.9075,29.700000000000045,62,40,8.23,BR,1627750231
497,Karacaköy,41.4029,28.3834,33.02000000000004,71,0,5.66,TR,1627750231
498,Singarāyakonda,15.25,80.0333,31.710000000000036,51,97,5.88,IN,1627750231
499,Berdigestyakh,62.0989,126.6992,13.920000000000016,56,2,0.24,RU,1627750231
500,Kohtla-Järve,59.3986,27.2731,18.04000000000002,84,72,3.53,EE,1627750232
501,Sakassou,7.4546,-5.2926,30.82000000000005,63,77,2.25,CI,1627750232
502,Dābhol,17.6,73.1667,25.760000000000048,86,99,5.76,IN,1627750232
503,Promyshlennovskiy,55.4833,86.2,17.430000000000007,72,84,1.91,RU,1627750232
504,Grindavik,63.8424,-22.4338,13.970000000000027,94,90,6.69,IS,1627750232
505,Dubai,25.2582,55.3047,36.14000000000004,63,0,4.12,AE,1627749639
506,Chara,56.9064,118.2631,12.450000000000045,68,90,1.56,RU,1627750185
507,Stony Mountain,50.0864,-97.2196,24.879999999999995,43,40,7.2,CA,1627750232
508,Bowen,-20.0167,148.2333,18.120000000000005,85,34,3.44,AU,1627750232
509,Marchin,50.4671,5.2428,19.010000000000048,86,90,4.88,BE,1627750232
510,Tibú,8.639,-72.7358,35.39000000000004,39,6,1.13,CO,1627750233
511,Khani,41.9563,42.9566,21.760000000000048,95,22,0.35,GE,1627750233
512,Algiers,36.7525,3.042,31.900000000000034,35,40,8.75,DZ,1627750011
513,Paraíso,9.8383,-83.8656,27.160000000000025,47,33,2.03,CR,1627750293
514,Dabola,10.75,-11.1167,25.460000000000036,89,74,2.26,GN,1627750293
515,Timrå,62.487,17.3257,19.840000000000032,73,40,5.66,SE,1627750293
516,Nacala,-14.5428,40.6728,23.850000000000023,74,71,5.73,MZ,1627750293
517,Magaria,12.9983,8.9099,31.950000000000045,45,65,0.61,NE,1627750293
518,Adolfo López Mateos,28.4667,-107.3,21.629999999999995,49,27,4.22,MX,1627750293
519,Sūsangerd,31.5608,48.1831,39.01000000000005,8,0,2.93,IR,1627750293
520,Gaziantep,37.0594,37.3825,34.960000000000036,14,0,4.12,TR,1627750243
521,Qaqortoq,60.7167,-46.0333,9.120000000000005,77,83,3.05,GL,1627750294
522,Kavaratti,10.5669,72.642,27.55000000000001,80,70,6.39,IN,1627750294
523,Pacific Grove,36.6177,-121.9166,18.78000000000003,88,90,2.24,US,1627750294
524,Nouadhibou,20.931,-17.0347,23.99000000000001,73,8,10.8,MR,1627750294
525,Majene,-3.5403,118.9707,25.650000000000034,87,98,2.69,ID,1627750294
526,Ankang,32.68,109.0172,24.810000000000002,76,0,0.56,CN,1627750294
527,Tulare,36.2666,-118.8009,30.52000000000004,28,93,0.89,US,1627750294
528,Rawson,-43.3002,-65.1023,9.650000000000034,37,0,1.96,AR,1627750294
529,Meulaboh,4.1363,96.1285,24.32000000000005,86,100,2.06,ID,1627750294
530,Lima,-12.0432,-77.0282,18.83000000000004,75,90,2.06,PE,1627750030
531,Hohhot,40.8106,111.6522,20.160000000000025,56,0,3.0,CN,1627750295
532,Kungurtug,50.5994,97.5228,11.930000000000007,97,100,0.62,RU,1627750295
533,Oudtshoorn,-33.5907,22.2014,13.200000000000045,22,86,1.52,ZA,1627750295
534,Konstantinovka,49.6167,127.9833,16.410000000000025,99,100,2.02,RU,1627750233
535,Kysyl-Syr,63.8986,122.7617,16.140000000000043,55,6,2.25,RU,1627750295
536,Kloulklubed,7.0419,134.2556,28.950000000000045,70,79,3.86,PW,1627750295
537,Doha,25.2867,51.5333,38.170000000000016,53,0,3.09,QA,1627750275
538,‘Ewa Beach,21.3156,-158.0072,25.05000000000001,69,20,4.47,US,1627750295
539,Ouadda,8.0777,22.4007,20.470000000000027,95,100,1.79,CF,1627750295
540,Acajutla,13.5928,-89.8275,33.22000000000003,55,33,2.3,SV,1627750295
541,Revda,56.801,59.9303,19.450000000000045,97,100,2.01,RU,1627750296
542,Dongobesh,-4.0667,35.3833,12.350000000000023,72,49,4.24,TZ,1627750296
543,Palmer,42.1584,-72.3287,23.25,49,20,0.45,US,1627750296
544,Oranjestad,12.524,-70.027,29.970000000000027,70,75,8.23,AW,1627750057
545,Kieta,-6.2167,155.6333,25.350000000000023,84,99,2.23,PG,1627750296
546,Sirte,31.2089,16.5887,32.22000000000003,39,0,3.99,LY,1627750296
547,Sakakah,29.9697,40.2064,38.76000000000005,9,0,4.15,SA,1627750169
548,Kulebaki,55.4133,42.5325,21.980000000000018,60,36,2.95,RU,1627750296
549,São Félix do Xingu,-6.6447,-51.995,36.27000000000004,20,44,2.0,BR,1627750296
550,Moirāng,24.5,93.7667,22.49000000000001,96,100,0.95,IN,1627750296
551,Metro,-5.1131,105.3067,23.74000000000001,89,53,1.94,ID,1627750296
552,Mackenzie,55.2999,-123.1698,19.120000000000005,63,1,3.09,CA,1627750297
553,Price,39.5994,-110.8107,23.590000000000032,64,1,2.57,US,1627750297
554,Jutaí,-5.1833,-68.9,31.07000000000005,27,65,1.33,BR,1627750297
555,Mogadouro,41.3403,-6.7119,23.77000000000004,21,48,6.76,PT,1627750297
556,Laas,46.6166,10.7002,24.79000000000002,76,57,2.23,IT,1627750178
557,Tsaratanana,-16.7833,47.65,19.370000000000005,70,16,5.59,MG,1627750297
558,Waipawa,-41.4122,175.5153,6.170000000000016,93,45,1.66,NZ,1627750297
559,Newry,54.1784,-6.3374,16.730000000000018,72,97,3.96,GB,1627750297
560,Loíza,18.4313,-65.8802,31.04000000000002,72,40,6.69,PR,1627750297
561,Ayr,55.4627,-4.6339,19.950000000000045,65,97,3.02,GB,1627750298
562,Irbeyskoye,55.6428,95.4522,12.79000000000002,90,100,1.73,RU,1627750298
563,Viedma,-40.8135,-62.9967,12.620000000000005,32,0,4.02,AR,1627750358
564,Fortuna Foothills,32.6578,-114.4119,33.64000000000004,48,1,0.89,US,1627750358
565,Chernyshevskiy,63.0128,112.4714,13.460000000000036,58,0,0.82,RU,1627750358
566,Yondó,7.0062,-73.9097,34.05000000000001,48,45,1.0,CO,1627750358
567,Guangyuan,32.442,105.823,25.879999999999995,91,10,0.98,CN,1627750358
568,Manatí,18.4275,-66.4921,32.57000000000005,77,57,7.68,PR,1627750358
569,Narsaq,60.9167,-46.05,11.430000000000007,65,88,1.66,GL,1627750358
570,Salamiyah,35.0113,37.0532,29.04000000000002,41,0,5.99,SY,1627750358
571,Avera,33.194,-82.5271,35.400000000000034,46,48,2.98,US,1627750359
