City ID,City,Lat,Lng,Max Temp,Humidity,Cloudiness,Wind Speed,Country,Date
0,Bathsheba,13.2167,-59.5167,150.82777777777778,66,40,7.72,BB,1627415486
1,São José da Coroa Grande,-8.8978,-35.1478,147.56666666666666,84,17,3.4,BR,1627415531
2,Mitsamiouli,-11.3847,43.2844,147.64999999999998,71,19,3.78,KM,1627415531
3,Bandrele,-12.9067,45.1914,147.22777777777776,73,0,4.63,YT,1627415531
4,Port Alfred,-33.5906,26.891,146.12777777777777,28,4,9.27,ZA,1627415462
5,George Town,5.4112,100.3354,149.6777777777778,84,20,2.06,MY,1627415462
6,Ilulissat,69.2167,-51.1,140.09444444444446,72,100,2.42,GL,1627415510
7,Leningradskiy,69.3833,178.4167,134.82777777777778,97,100,3.01,RU,1627415514
8,Shenjiamen,29.9576,122.298,148.4111111111111,91,100,6.34,CN,1627415532
9,Rawson,-43.3002,-65.1023,138.09444444444443,57,82,10.5,AR,1627415532
10,Punta Arenas,-53.15,-70.9167,137.33888888888887,87,75,5.14,CL,1627415259
11,Severo-Kuril'sk,50.6789,156.125,141.93333333333334,96,100,3.42,RU,1627415476
12,Talnakh,69.4865,88.3972,144.48888888888888,86,79,3.12,RU,1627415493
13,Pauini,-7.7136,-66.9764,154.0611111111111,28,71,1.08,BR,1627415532
14,Cherskiy,68.75,161.3,135.4333333333333,83,100,7.36,RU,1627415532
15,Jamestown,42.097,-79.2353,150.42777777777778,68,90,2.68,US,1627415461
16,Busselton,-33.65,115.3333,138.30555555555554,64,100,5.51,AU,1627415466
17,Rikitea,-23.1203,-134.9692,147.02777777777777,77,100,7.07,PF,1627415464
18,Lebu,-37.6167,-73.65,139.17222222222222,71,0,11.25,CL,1627415468
19,Port-Gentil,-0.7193,8.7815,147.85000000000002,78,40,2.57,GA,1627415487
20,Lompoc,34.6391,-120.4579,151.77777777777777,69,20,1.54,US,1627415465
21,Kaeo,-35.1,173.7833,138.70000000000002,95,36,2.28,NZ,1627415533
22,Bluff,-46.6,168.3333,139.15555555555557,70,15,7.48,NZ,1627415464
23,Hobart,-42.8794,147.3294,141.35555555555555,67,61,2.24,AU,1627415460
24,Kavaratti,10.5669,72.642,149.34444444444443,78,100,8.51,IN,1627415461
25,Changli,39.7042,119.1506,146.41666666666666,84,100,1.89,CN,1627415533
26,Saint Paul Harbor,57.79,-152.4072,142.7111111111111,67,1,2.06,US,1627415459
27,Noumea,-22.2763,166.4572,144.7722222222222,99,48,4.86,NC,1627415534
28,Mar del Plata,-38.0023,-57.5575,139.2444444444444,68,75,5.81,AR,1627415491
29,Ushuaia,-54.8,-68.3,135.53333333333333,87,90,0.0,AR,1627415447
30,Teguise,29.0605,-13.564,145.70555555555555,73,75,7.2,ES,1627415534
31,Ahipara,-35.1667,173.1667,140.90555555555557,85,31,3.08,NZ,1627415534
32,Barrow,71.2906,-156.7887,137.86666666666667,88,90,5.66,US,1627415468
33,Hobyo,5.3505,48.5268,148.56111111111113,59,100,10.09,SO,1627415534
34,Nikolskoye,59.7035,30.7861,146.1611111111111,57,79,1.92,RU,1627415491
35,Kapaa,22.0752,-159.319,149.62777777777777,77,75,1.34,US,1627415477
36,Saint-Philippe,-21.3585,55.7679,145.5,83,48,5.32,RE,1627415465
37,Goubellat,36.5418,9.6633,149.59444444444443,30,5,7.02,TN,1627415535
38,Atuona,-9.8,-139.0333,148.1277777777778,70,20,8.5,PF,1627415475
39,New Norfolk,-42.7826,147.0587,141.25,66,88,1.34,AU,1627415490
40,Bengkulu,-3.8004,102.2655,146.6833333333333,75,17,2.14,ID,1627415510
41,Port Lincoln,-34.7333,135.8667,140.45555555555555,68,3,12.15,AU,1627415535
42,Angoche,-16.2325,39.9086,145.39444444444445,72,29,4.05,MZ,1627415535
43,Zhigansk,66.7697,123.3711,139.57777777777778,75,7,5.81,RU,1627415535
44,Bambous Virieux,-20.3428,57.7575,144.83888888888887,100,75,5.14,MU,1627415486
45,Clyde River,70.4692,-68.5914,141.8222222222222,62,75,2.06,CA,1627415476
46,Port Elizabeth,-33.918,25.5701,142.95555555555555,88,40,6.69,ZA,1627415481
47,Batagay,67.6333,134.6333,138.07777777777778,71,0,2.63,RU,1627415540
48,Tura,25.5198,90.2201,147.42222222222225,96,100,1.41,IN,1627415540
49,Charlestown,-32.95,151.6667,142.22222222222223,71,19,4.62,AU,1627415540
50,Cairns,-16.9167,145.7667,144.17777777777778,96,5,4.63,AU,1627415540
51,Faanui,-16.4833,-151.75,148.1888888888889,74,38,3.68,PF,1627415475
52,Hermanus,-34.4187,19.2345,141.31666666666666,79,100,8.55,ZA,1627415487
53,Pālakollu,16.5333,81.7333,149.6777777777778,67,100,2.61,IN,1627415541
54,Moranbah,-22.0016,148.0466,140.2111111111111,90,2,1.58,AU,1627415541
55,Chui,-33.6971,-53.4616,138.49444444444444,59,19,7.53,UY,1627415474
56,Mataura,-46.1927,168.8643,139.05555555555554,97,25,0.56,NZ,1627415468
57,Constitución,-35.3333,-72.4167,140.86111111111111,55,0,6.07,CL,1627415518
58,Portland,45.5234,-122.6762,151.08888888888887,48,75,0.89,US,1627415429
59,Plouzané,48.3833,-4.6167,143.51666666666665,85,75,4.12,FR,1627415541
60,Cape Town,-33.9258,18.4232,141.40555555555554,87,90,1.79,ZA,1627415465
61,Baykit,61.67,96.37,143.87222222222223,89,100,1.4,RU,1627415542
62,Esperance,-33.8667,121.9,138.36666666666667,81,50,7.38,AU,1627415517
63,Meulaboh,4.1363,96.1285,147.8,90,56,1.73,ID,1627415542
64,Narsaq,60.9167,-46.05,139.4944444444444,65,83,4.09,GL,1627415478
65,Kruisfontein,-34.0033,24.7314,142.2722222222222,93,9,3.07,ZA,1627415542
66,Castro,-24.7911,-50.0119,141.04444444444445,95,100,3.96,BR,1627415195
67,Hilo,19.7297,-155.09,147.89444444444445,85,90,4.12,US,1627415459
68,Saldanha,-33.0117,17.9442,141.2111111111111,81,100,4.86,ZA,1627415543
69,Lanxi,29.2195,119.477,147.4888888888889,96,97,1.73,CN,1627415543
70,Albany,42.6001,-73.9662,151.7555555555556,60,27,0.45,US,1627415479
71,Tougan,13.0667,-3.0667,149.82222222222222,61,97,2.89,BF,1627415543
72,Inírida,3.8653,-67.9239,149.60555555555555,79,95,0.88,CO,1627415543
73,Arraial do Cabo,-22.9661,-42.0278,152.85000000000002,61,0,5.14,BR,1627415368
74,Ambilobe,-13.2,49.05,144.76666666666665,83,10,1.51,MG,1627415543
75,Katangli,51.7102,143.2326,143.91666666666666,96,100,1.29,RU,1627415544
76,Ketchikan,55.3422,-131.6461,143.0055555555556,77,90,3.6,US,1627415518
77,Souillac,-20.5167,57.5167,144.88333333333333,100,75,5.14,MU,1627415517
78,Rebrikha,53.0733,82.3408,140.3388888888889,67,4,2.1,RU,1627415544
79,Pisco,-13.7,-76.2167,145.4,73,13,3.6,PE,1627415493
80,Buala,-8.145,159.5921,148.67777777777778,84,90,4.32,SB,1627415544
81,Amiens,49.9,2.3,144.2388888888889,93,39,3.57,FR,1627415509
82,Upernavik,72.7868,-56.1549,139.43333333333334,78,100,3.8,GL,1627415402
83,Coyhaique,-45.5752,-72.0662,138.60555555555555,77,64,2.28,CL,1627415544
84,Khatanga,71.9667,102.5,147.05,57,100,6.89,RU,1627415515
85,Nuuk,64.1835,-51.7216,139.15555555555557,79,97,10.49,GL,1627415545
86,Anadyr,64.75,177.4833,139.68333333333334,99,75,1.79,RU,1627415426
87,Port Moresby,-9.4431,147.1797,147.6833333333333,94,40,2.06,PG,1627415545
88,Zhangye,38.9342,100.4517,145.7555555555556,35,26,2.93,CN,1627415269
89,Manta,-0.95,-80.7333,148.35,78,20,6.17,EC,1627415248
90,Ginir,7.1333,40.7,142.9777777777778,67,94,5.11,ET,1627415548
91,Xining,36.6167,101.7667,139.83888888888887,75,35,1.24,CN,1627415548
92,Pampa,35.5362,-100.9599,153.89999999999998,34,1,4.12,US,1627415548
93,Balakhninskiy,58.0106,114.2769,143.02222222222224,81,7,1.69,RU,1627415548
94,Chokurdakh,70.6333,147.9167,135.12222222222223,82,100,5.69,RU,1627415433
95,Rykhtychi,49.3851,23.5566,146.29999999999998,90,50,1.22,UA,1627415549
96,Anking,30.5092,117.0506,147.86666666666667,96,94,4.72,CN,1627415549
97,Oranjemund,-28.55,16.4333,141.12777777777777,85,0,1.88,NA,1627415549
98,Mahibadhoo,3.7833,72.9667,149.47777777777776,77,100,5.51,MV,1627415549
99,Sur,22.5667,59.5289,153.0,48,100,8.75,OM,1627415219
100,Beidao,34.5686,105.8933,144.31666666666666,85,90,0.95,CN,1627415549
101,San Patricio,28.017,-97.5169,154.0,40,79,4.37,US,1627415502
102,Kandrian,-6.2167,149.55,147.5111111111111,91,13,1.9,PG,1627415549
103,Havøysund,70.9963,24.6622,138.68888888888887,91,17,3.91,NO,1627415550
104,Iqaluit,63.7506,-68.5145,141.11111111111111,54,75,3.09,CA,1627415463
105,Thompson,55.7435,-97.8558,147.91111111111113,50,75,2.57,CA,1627415464
106,Launceston,-41.45,147.1667,141.31666666666666,86,90,1.34,AU,1627415491
107,Qaanaaq,77.484,-69.3632,137.14999999999998,97,100,1.85,GL,1627415475
108,Somerset,40.5668,-74.5496,153.53333333333336,44,20,1.34,US,1627415550
109,Barra Patuca,15.8,-84.2833,150.52222222222224,66,59,4.8,HN,1627415551
110,Vaini,-21.2,-175.2,145.13333333333333,94,90,3.09,TO,1627415459
111,Marsá Maţrūḩ,31.3525,27.2453,149.03333333333333,69,0,5.66,EG,1627415551
112,Ilhabela,-23.7781,-45.3581,148.5,54,34,1.32,BR,1627415552
113,Ardmore,34.1743,-97.1436,154.79444444444445,50,1,1.79,US,1627415552
114,Rocha,-34.4833,-54.3333,138.0722222222222,63,13,7.83,UY,1627415552
115,Kloulklubed,7.0419,134.2556,150.0111111111111,73,100,6.27,PW,1627415552
116,Grande Prairie,55.1667,-118.8027,146.25,30,75,7.72,CA,1627415443
117,Dingle,10.9995,122.6711,148.4388888888889,82,100,5.18,PH,1627415480
118,Fort-Shevchenko,44.5086,50.263,149.27222222222224,43,100,10.87,KZ,1627415552
119,Skibbereen,51.55,-9.2667,143.91111111111113,70,85,5.83,IE,1627415552
120,Ghanzi,-21.5667,21.7833,139.41666666666666,44,0,3.21,BW,1627415552
121,Kokopo,-4.352,152.2633,147.64444444444445,83,35,1.92,PG,1627415553
122,Ribeira Grande,38.5167,-28.7,147.42777777777778,73,20,5.14,PT,1627415480
123,Guánica,17.9716,-66.908,151.64444444444445,72,61,3.58,PR,1627415491
124,Tasiilaq,65.6145,-37.6368,136.51666666666668,78,40,3.25,GL,1627415478
125,Tuatapere,-46.1333,167.6833,139.16111111111113,91,9,1.1,NZ,1627415512
126,Ancud,-41.8697,-73.8203,139.38333333333333,73,97,1.12,CL,1627415262
127,Hong Kong,22.2855,114.1577,151.24444444444444,89,97,0.45,HK,1627415268
128,Dustlik,40.5247,68.0358,148.01666666666668,21,0,2.4,UZ,1627415553
129,Mosquera,4.7059,-74.2302,145.11111111111111,45,75,3.09,CO,1627415553
130,‘Āhuimanu,21.4447,-157.8378,149.99444444444444,61,40,4.63,US,1627415553
131,Boralday,43.3578,76.8594,146.70555555555555,46,75,2.0,KZ,1627415553
132,Dongsheng,39.8161,109.9776,145.04444444444442,55,100,1.34,CN,1627415553
133,Geraldton,-28.7667,114.6,143.2722222222222,72,90,3.09,AU,1627415477
134,Bredasdorp,-34.5322,20.0403,141.5388888888889,72,100,7.72,ZA,1627415473
135,Bonavista,48.6499,-53.1147,145.63888888888889,94,100,6.03,CA,1627415554
136,Sabang,5.8933,95.3214,149.8166666666667,77,42,8.44,ID,1627415554
137,Mahébourg,-20.4081,57.7,144.85000000000002,100,75,5.14,MU,1627415469
138,Pleasant Point,-44.2667,171.1333,135.6,84,7,2.94,NZ,1627415554
139,Broome,42.2506,-75.833,151.0,100,75,6.69,US,1627415500
140,Mendeleyevsk,55.9082,52.2905,142.6277777777778,77,6,2.69,RU,1627415554
141,Christchurch,-43.5333,172.6333,137.8222222222222,90,3,1.54,NZ,1627415359
142,Butajīra,8.1167,38.3667,141.95555555555555,91,100,1.39,ET,1627415555
143,Tuktoyaktuk,69.4541,-133.0374,139.52777777777777,76,90,3.09,CA,1627415489
144,North Platte,41.1239,-100.7654,154.0388888888889,35,1,3.13,US,1627415555
145,Puerto Ayora,-0.7393,-90.3518,147.85000000000002,69,18,4.68,EC,1627415461
146,Saint Anthony,45.0205,-93.218,153.50555555555556,55,1,1.79,US,1627415555
147,Malé,4.1748,73.5089,149.5111111111111,89,75,7.2,MV,1627415555
148,Butaritari,3.0707,172.7902,149.27222222222224,71,96,2.95,KI,1627415480
149,Yellowknife,62.456,-114.3525,142.09444444444443,58,75,0.89,CA,1627415467
150,Praia,14.9215,-23.5087,148.58333333333334,69,75,2.57,CV,1627415556
151,Vardø,70.3705,31.1107,140.7,93,75,5.14,NO,1627415556
152,Dikson,73.5069,80.5464,137.41666666666666,100,100,7.45,RU,1627415491
153,Sitka,57.0531,-135.33,142.82777777777775,72,75,3.6,US,1627415556
154,Camocim,-2.9022,-40.8411,149.7722222222222,66,26,7.59,BR,1627415556
155,Pangnirtung,66.1451,-65.7125,138.97222222222223,93,90,0.0,CA,1627415474
156,Norman Wells,65.282,-126.8329,143.98333333333335,63,75,2.57,CA,1627415465
157,Hithadhoo,-0.6,73.0833,149.0722222222222,78,95,3.63,MV,1627415492
158,Kavieng,-2.5744,150.7967,149.77777777777777,73,15,4.62,PG,1627415512
159,Basco,20.4487,121.9702,149.77777777777777,85,100,10.81,PH,1627415511
160,General Roca,-39.0333,-67.5833,141.31666666666666,27,3,7.4,AR,1627415557
161,Dicabisagan,17.0818,122.4157,149.46666666666667,78,100,1.82,PH,1627415557
162,Valladolid,41.5833,-4.6667,148.88333333333333,64,73,3.69,ES,1627415380
163,Tiksi,71.6872,128.8694,135.60555555555553,93,52,2.64,RU,1627415304
164,Portobelo,9.55,-79.65,149.65555555555557,83,94,1.26,PA,1627415557
165,Beyneu,45.3167,55.2,149.4,18,98,7.05,KZ,1627415557
166,Gobabis,-22.45,18.9667,139.17777777777778,36,0,5.51,NA,1627415557
167,Collie,-33.3667,116.15,137.36111111111111,86,100,2.42,AU,1627415558
168,Isangel,-19.55,169.2667,145.7722222222222,67,16,6.25,VU,1627415490
169,Juneau,58.3019,-134.4197,143.18333333333334,79,75,4.63,US,1627415558
170,Itarema,-2.9248,-39.9167,149.0722222222222,70,20,7.73,BR,1627415558
171,Sri Aman,1.2376,111.4621,146.76666666666668,94,98,2.06,MY,1627415558
172,Deputatsky,69.3,139.9,135.93333333333334,79,87,1.98,RU,1627415558
173,Düzce,40.8389,31.1639,145.77777777777777,82,0,1.44,TR,1627415452
174,Coquimbo,-29.9533,-71.3436,142.22222222222223,67,0,6.17,CL,1627415325
175,Matara,5.9485,80.5353,148.19444444444446,89,99,4.52,LK,1627415559
176,Esna,25.2934,32.554,152.86666666666667,23,22,6.1,EG,1627415559
177,Shizunai-furukawachō,42.3339,142.3669,145.27222222222224,91,6,2.71,JP,1627415559
178,Mossamedes,-15.1961,12.1522,144.40555555555557,83,69,1.0,AO,1627415505
179,Avarua,-21.2078,-159.775,147.8777777777778,69,20,2.06,CK,1627415488
180,Salalah,17.0151,54.0924,148.2722222222222,86,96,5.28,OM,1627415499
181,Forsytheganj,52.6333,29.7333,144.3222222222222,93,100,0.59,BY,1627415559
182,Arlit,18.7369,7.3853,150.0111111111111,52,100,4.23,NE,1627415560
183,Salta,-24.7859,-65.4117,139.15555555555557,49,90,3.09,AR,1627415560
184,Marathon,44.9,-89.7668,150.09444444444446,68,1,4.12,US,1627415560
185,Udachny,66.4167,112.4,146.28333333333333,56,58,0.46,RU,1627415248
186,Bethel,41.3712,-73.414,152.24444444444444,55,1,0.45,US,1627415560
187,Berdigestyakh,62.0989,126.6992,140.10000000000002,80,9,1.81,RU,1627415560
188,Batagay-Alyta,67.8006,130.4114,138.11111111111111,72,23,4.39,RU,1627415560
189,Usogorsk,63.4106,48.6872,138.37777777777777,87,100,3.28,RU,1627415561
190,Santa Fe,-31.6333,-60.7,142.62222222222223,22,1,4.92,AR,1627415561
191,Pangai,-19.8,-174.35,147.33888888888887,73,75,2.06,TO,1627415561
192,East London,-33.0153,27.9116,146.67222222222222,30,0,3.61,ZA,1627415480
193,Benalla,-36.55,145.9833,140.5611111111111,92,100,5.32,AU,1627415561
194,Sakakah,29.9697,40.2064,154.39444444444447,14,1,8.22,SA,1627415415
195,Netivot,31.4222,34.5886,149.28333333333333,67,0,2.5,IL,1627415371
196,Bermeo,43.4209,-2.7215,145.42222222222222,85,25,3.43,ES,1627415561
197,Hervey Bay,-25.2986,152.8535,142.3166666666667,68,94,3.22,AU,1627415561
198,Manicoré,-5.8092,-61.3003,154.05,26,2,1.54,BR,1627415425
199,Grand Gaube,-20.0064,57.6608,144.88888888888889,90,55,2.24,MU,1627415562
200,Da Lat,11.9465,108.4419,143.79999999999998,96,100,2.57,VN,1627415562
201,Abu Samrah,35.3029,37.1841,149.93888888888887,37,0,5.07,SY,1627415562
202,Lodja,-3.4833,23.4333,146.7888888888889,34,86,0.81,CD,1627415562
203,Alyangula,-13.8483,136.4192,143.37777777777777,100,75,0.0,AU,1627415566
204,Hambantota,6.1241,81.1185,148.9611111111111,78,100,8.07,LK,1627415489
205,Lorengau,-2.0226,147.2712,149.35,75,0,2.33,PG,1627415566
206,Qaqortoq,60.7167,-46.0333,138.7388888888889,70,66,1.5,GL,1627415516
207,Gizo Government Station,-8.103,156.8419,149.27222222222224,77,78,3.49,SB,1627415500
208,Baiyin,36.5583,104.2081,141.46666666666664,61,3,3.7,CN,1627415391
209,Rudnyy,52.9594,63.1206,142.61111111111111,57,9,2.32,KZ,1627415567
210,Paraíso,9.8383,-83.8656,146.72222222222223,78,100,0.83,CR,1627415567
211,Mikhaylovka,50.06,43.2379,146.67222222222222,46,86,3.3,RU,1627415567
212,San Juan Evangelista,17.9,-95.1333,151.31666666666666,62,59,1.85,MX,1627415567
213,Saurimo,-9.6608,20.3916,142.7888888888889,30,97,2.24,AO,1627415567
214,Vestmanna,62.1564,-7.1664,139.81111111111113,100,90,4.63,FO,1627415567
215,Bandar-e Lengeh,26.5579,54.8807,152.8777777777778,65,36,4.18,IR,1627415295
216,Caravelas,-17.7125,-39.2481,146.9,78,6,3.93,BR,1627415567
217,Roald,62.5833,6.1333,145.10000000000002,82,0,4.63,NO,1627415568
218,Richards Bay,-28.783,32.0377,144.03333333333333,62,6,7.64,ZA,1627415568
219,Baharly,38.4362,57.4316,151.1611111111111,19,0,2.27,TM,1627415568
220,Petropavlovsk-Kamchatskiy,53.0452,158.6483,143.04444444444445,88,20,4.0,RU,1627415568
221,Vila do Maio,15.1333,-23.2167,148.6611111111111,79,49,5.79,CV,1627415568
222,Guerrero,17.6667,-100.0,147.8388888888889,80,91,0.71,MX,1627415568
223,Bambanglipuro,-7.95,110.2833,146.85555555555553,86,50,2.15,ID,1627415568
224,Doka,13.5167,35.7667,146.69444444444446,86,100,4.46,SD,1627415568
225,Ayan,56.45,138.1667,145.11111111111111,70,82,4.24,RU,1627415569
226,San Giorgio del Sannio,41.0696,14.8522,148.82222222222222,58,71,1.15,IT,1627415569
227,Ponta do Sol,32.6667,-17.1,147.15555555555557,70,2,1.86,PT,1627415467
228,Kasongo-Lunda,-6.4667,16.8167,145.7888888888889,23,17,1.17,CD,1627415569
229,Çermik,38.1361,39.4493,149.2555555555556,37,0,3.5,TR,1627415569
230,Manono,-7.3,27.4167,146.23333333333335,36,31,2.19,CD,1627415569
231,Necochea,-38.5473,-58.7368,138.92222222222222,71,63,11.21,AR,1627415271
232,Kaitangata,-46.2817,169.8464,139.19444444444446,62,59,1.99,NZ,1627415569
233,Boa Vista,2.8197,-60.6733,152.29999999999998,49,40,3.6,BR,1627415539
234,Talaya,61.3833,152.75,138.62777777777777,70,100,2.83,RU,1627415570
235,Awjilah,29.1081,21.2869,151.38333333333333,23,0,3.85,LY,1627415570
236,Harper,4.375,-7.7169,147.71666666666664,78,100,4.49,LR,1627415570
237,Raduzhny,62.0961,77.475,141.37222222222223,68,93,2.85,RU,1627415570
238,Aksarka,66.5606,67.7975,139.11111111111111,96,100,2.96,RU,1627415285
239,Vysokogornyy,50.1167,139.15,145.66666666666666,93,96,0.87,RU,1627415570
240,Finschhafen,-6.6024,147.8681,148.19444444444446,81,13,3.5,PG,1627415570
241,Naryan-Mar,67.6713,53.087,137.03333333333336,89,26,5.19,RU,1627415570
242,Doha,25.2867,51.5333,154.6222222222222,58,0,1.03,QA,1627415551
243,Rio de Janeiro,-22.9028,-43.2075,152.2888888888889,27,0,4.63,BR,1627415528
244,Pangkalanbuun,-2.6833,111.6167,146.94444444444446,96,100,0.94,ID,1627415516
245,Taoudenni,22.6783,-3.9836,156.86111111111111,6,20,4.54,ML,1627415571
246,Bodden Town,19.2833,-81.25,151.75,66,75,3.09,KY,1627415571
247,Flinders,-34.5833,150.8552,142.42222222222225,61,93,1.34,AU,1627415571
248,Husavik,66.0449,-17.3389,139.5,99,100,4.84,IS,1627415475
249,Wenling,28.3669,121.36,148.7611111111111,90,100,5.02,CN,1627415571
250,Ovalle,-30.5983,-71.2003,146.10555555555555,13,0,1.9,CL,1627415571
251,Rosetta,31.4044,30.4164,148.91666666666666,76,0,4.52,EG,1627415571
252,Berlevåg,70.8578,29.0864,138.35555555555555,91,75,3.14,NO,1627415459
253,Yar-Sale,66.8333,70.8333,139.00555555555556,63,99,5.13,RU,1627415510
254,Krutinka,56.0055,71.5113,142.15555555555557,66,100,4.23,RU,1627415572
255,Luba,3.4568,8.5547,147.82777777777775,79,77,1.32,GQ,1627415572
256,Dubna,56.7333,37.1667,144.01111111111112,58,65,0.44,RU,1627415435
257,Bektemir,41.2097,69.3342,150.10000000000002,24,0,3.09,UZ,1627415572
258,Pontalina,-17.525,-49.4472,150.46666666666664,22,12,2.76,BR,1627415572
259,Goderich,43.7501,-81.7165,147.56111111111113,83,50,5.14,CA,1627415572
260,Nanzhou,29.3596,112.4024,147.55555555555554,93,0,3.27,CN,1627415572
261,Saint George,37.1041,-113.5841,153.04444444444445,40,94,0.45,US,1627415489
262,Nhulunbuy,-12.2333,136.7667,145.27222222222224,94,40,0.0,AU,1627415573
263,Norden,53.6,7.2,144.7611111111111,86,100,6.31,DE,1627415573
264,Adrar,20.5022,-10.0711,153.46666666666667,18,100,6.04,MR,1627415573
265,Kahului,20.8947,-156.47,149.70555555555558,74,40,6.69,US,1627415494
266,Sinnamary,5.3833,-52.95,149.54444444444445,73,18,4.14,GF,1627415512
267,Glenluce,54.8798,-4.8084,142.39444444444445,91,100,7.46,GB,1627415573
268,Daru,-9.0763,143.2092,147.8111111111111,90,95,6.09,PG,1627415573
269,Kutum,14.2,24.6667,146.66666666666666,73,81,4.28,SD,1627415574
270,Marzuq,14.4,46.4667,147.82777777777775,69,38,2.81,YE,1627415459
271,Naukot,24.8587,69.4024,149.85555555555555,75,100,9.61,PK,1627415574
272,Nuevo Progreso,23.1667,-97.95,153.91111111111113,51,2,5.97,MX,1627415574
273,Nioki,-2.7167,17.6833,147.57222222222222,26,58,0.99,CD,1627415574
274,Saint-Pierre,-21.3393,55.4781,145.52777777777777,79,75,4.63,RE,1627415574
275,Cidreira,-30.1811,-50.2056,140.1277777777778,59,88,8.82,BR,1627415486
276,Usinsk,65.9939,57.5281,138.22777777777776,87,100,9.27,RU,1627415574
277,Lerwick,60.1545,-1.1494,142.09444444444443,85,39,1.69,GB,1627415574
278,Torbay,47.6666,-52.7314,145.87777777777777,95,90,8.23,CA,1627415478
279,Arenápolis,-14.4503,-56.8461,153.2444444444444,23,21,3.68,BR,1627415574
280,Pevek,69.7008,170.3133,134.5611111111111,93,100,5.59,RU,1627415518
281,Anloga,5.7947,0.8973,147.92777777777778,82,97,7.12,GH,1627415493
282,Port Blair,11.6667,92.75,149.35555555555553,84,93,8.3,IN,1627415575
283,Tessalit,20.1986,1.0114,153.67777777777778,27,100,9.11,ML,1627415575
284,Corn Island,12.1694,-83.0418,149.1277777777778,80,100,3.46,NI,1627415575
285,Antofagasta,-23.65,-70.4,143.91666666666666,58,18,4.28,CL,1627415499
286,Havre-St-Pierre,50.2334,-63.5986,145.19444444444446,77,75,5.66,CA,1627415575
287,Provideniya,64.3833,-173.3,139.00555555555556,100,90,6.0,RU,1627415458
288,Olafsvik,64.8945,-23.7142,139.95555555555558,85,99,7.29,IS,1627415576
289,Superior,46.7208,-92.1041,149.00555555555556,65,40,3.09,US,1627415576
290,Novoagansk,61.9449,76.6625,141.3388888888889,72,100,3.11,RU,1627415431
291,Singkawang,0.9,109.0,148.08888888888887,90,100,1.48,ID,1627415576
292,Manokwari,-0.8667,134.0833,148.1888888888889,80,60,2.05,ID,1627415576
293,Ouro Preto do Oeste,-10.7481,-62.2158,154.08333333333334,24,88,0.77,BR,1627415576
294,Banepā,27.6298,85.5214,144.64999999999998,95,97,0.64,NP,1627415576
295,Rapid Valley,44.0625,-103.1463,157.29444444444445,13,20,0.45,US,1627415576
296,Malakal,9.5334,31.6605,146.0222222222222,92,87,0.87,SS,1627415576
297,Nara,34.6851,135.8049,148.55555555555554,94,100,1.05,JP,1627415576
298,Huanren,41.2647,125.3667,145.82222222222222,92,13,1.1,CN,1627415577
299,Padang,-0.9492,100.3543,148.04444444444445,88,29,1.37,ID,1627415100
300,Otjimbingwe,-22.35,16.1333,143.36111111111111,25,0,2.54,NA,1627415577
301,San Quintín,30.4833,-115.95,147.66666666666666,66,1,5.4,MX,1627415577
302,Hamilton,39.1834,-84.5333,152.38333333333333,46,1,0.45,US,1627415510
303,Agadez,19.75,10.25,151.00555555555556,43,53,8.33,NE,1627415577
304,Saint-Augustin,51.226,-58.6502,144.0388888888889,89,97,4.12,CA,1627415577
305,Huarmey,-10.0681,-78.1522,145.73333333333332,73,8,5.33,PE,1627415459
306,Solnechnyy,50.7214,136.6319,144.93888888888887,97,80,0.71,RU,1627415577
307,Port Keats,-14.25,129.55,145.98888888888888,84,100,0.81,AU,1627415577
308,Port Hardy,50.6996,-127.4199,142.36111111111111,82,20,2.57,CA,1627415578
309,Lagoa,39.05,-27.9833,146.13333333333333,85,100,4.71,PT,1627415513
310,Vangaindrano,-23.35,47.6,143.38333333333333,87,97,2.83,MG,1627415578
311,Mayor Pablo Lagerenza,-19.9309,-60.7718,143.03333333333333,33,96,5.35,PY,1627415578
312,Nelson Bay,-32.7167,152.15,140.45555555555555,95,36,3.56,AU,1627415578
313,Beloha,-25.1667,45.05,142.9333333333333,76,0,5.15,MG,1627415458
314,Saskylakh,71.9167,114.0833,140.21666666666664,67,27,6.36,RU,1627415465
315,Sangar,63.9242,127.4739,140.76666666666668,74,35,0.73,RU,1627415578
316,Kiunga,-6.1219,141.2906,146.7277777777778,99,100,0.77,PG,1627415578
317,Santa Isabel Rio Negro,-0.4139,-65.0192,148.7388888888889,80,100,1.11,BR,1627415579
318,Dakoro,14.5106,6.765,150.59444444444443,52,91,5.57,NE,1627415579
319,Kupang,-10.1667,123.5833,146.9,82,12,3.02,ID,1627415479
320,São João da Barra,-21.6403,-41.0511,149.0,81,0,7.7,BR,1627415460
321,Miraflores,19.2167,-98.8083,146.94444444444446,45,100,0.86,MX,1627415579
322,Sulina,45.1559,29.6536,147.62222222222223,57,61,3.82,RO,1627415582
323,Snezhnogorsk,69.1933,33.2531,141.6833333333333,78,61,1.43,RU,1627415476
324,Waddān,29.1614,16.139,150.7722222222222,27,0,5.36,LY,1627415582
325,Touros,-5.1989,-35.4608,148.13888888888889,75,0,6.56,BR,1627415476
326,Mildura,-34.2,142.15,141.18333333333334,100,90,3.09,AU,1627415583
327,Wanning,18.8003,110.3967,149.26111111111112,80,100,3.62,CN,1627415511
328,Beisfjord,68.3751,17.5988,143.9888888888889,71,0,0.6,NO,1627415583
329,Springdale,36.1867,-94.1288,153.43333333333334,61,20,1.34,US,1627415513
330,São Gabriel da Cachoeira,-0.1303,-67.0892,149.46666666666667,83,20,3.09,BR,1627415583
331,Kieta,-6.2167,155.6333,148.3111111111111,83,100,0.85,PG,1627415583
332,Kimbe,-5.5502,150.1429,147.15555555555557,91,4,1.35,PG,1627415317
333,Salò,45.6086,10.531,147.05555555555554,86,76,2.92,IT,1627415584
334,Porto-Novo,6.4965,2.6036,148.36111111111111,78,100,4.0,BJ,1627415584
335,Rohru,31.2167,77.75,145.71666666666667,99,100,1.35,IN,1627415584
336,Cabo San Lucas,22.8909,-109.9124,154.89999999999998,67,58,5.23,MX,1627415495
337,Fairbanks,64.8378,-147.7164,143.91666666666666,72,75,0.45,US,1627415407
338,Asău,46.4333,26.4,147.03333333333336,79,78,2.43,RO,1627415584
339,Działdowo,53.2396,20.17,146.67777777777778,76,99,1.72,PL,1627415584
340,Vestmannaeyjar,63.4427,-20.2734,141.23333333333335,82,38,5.44,IS,1627415357
341,Kodinsk,58.6881,99.1844,143.57222222222222,97,100,1.41,RU,1627415585
342,Cockburn Town,21.4612,-71.1419,150.6277777777778,66,40,6.17,TC,1627415327
343,Ghansor,22.65,79.95,146.13888888888889,94,100,3.72,IN,1627415585
344,Grindavik,63.8424,-22.4338,141.17777777777778,82,0,8.75,IS,1627415434
345,Tautira,-17.7333,-149.15,148.9777777777778,77,71,5.77,PF,1627415586
346,Mandera,3.9366,41.867,148.77222222222224,57,99,8.59,KE,1627415586
347,Marawi,7.9986,124.2928,146.2111111111111,87,100,3.03,PH,1627415586
348,Poum,-20.2333,164.0167,145.36666666666667,67,3,4.41,NC,1627415586
349,Laguna,38.421,-121.4238,153.92777777777778,25,1,0.89,US,1627415504
350,Pacific Grove,36.6177,-121.9166,153.60555555555555,77,1,3.13,US,1627415516
351,Guarujá,-23.9931,-46.2564,152.18333333333334,42,0,3.09,BR,1627415586
352,Beringovskiy,63.05,179.3167,139.01666666666668,97,100,2.18,RU,1627415586
353,Kirakira,-10.4544,161.9205,148.39444444444447,84,34,4.11,SB,1627415587
354,Valparaíso,-33.0393,-71.6273,143.48888888888888,54,0,5.66,CL,1627415587
355,Grimshaw,56.1834,-117.6027,146.01666666666665,45,75,7.2,CA,1627415587
356,Quryq,43.2,51.65,148.4388888888889,39,53,9.17,KZ,1627415587
357,Hasaki,35.7333,140.8333,146.83888888888887,81,40,6.08,JP,1627415488
358,Plastun,44.7561,136.2939,144.60555555555555,94,52,0.87,RU,1627415587
359,Fortuna,40.5982,-124.1573,148.5388888888889,100,90,0.0,US,1627415587
360,Archdale,35.9146,-79.972,153.15,63,100,2.42,US,1627415588
361,Sinaloa,25.0,-107.5,152.3722222222222,37,25,1.91,MX,1627415588
362,Mongo,12.1844,18.693,146.39444444444445,95,100,4.13,TD,1627415588
363,Longyearbyen,78.2186,15.6401,137.8111111111111,87,75,6.17,SJ,1627415495
364,Mazamari,-11.3258,-74.5308,151.5388888888889,39,28,1.01,PE,1627415588
365,Zonguldak,41.25,31.8333,143.64444444444445,85,0,1.75,TR,1627415588
366,Bilibino,68.0546,166.4372,136.50555555555556,88,100,1.77,RU,1627415589
367,Twentynine Palms,34.1356,-116.0542,154.38333333333333,29,2,0.45,US,1627415589
368,Vrangel',42.7297,133.0839,146.7111111111111,92,29,2.16,RU,1627415590
369,Puerto Maldonado,-12.6,-69.1833,152.42777777777778,55,40,2.06,PE,1627415590
370,Makkah al Mukarramah,21.4267,39.8261,151.66666666666666,43,56,0.85,SA,1627415590
371,Charter Township of Clinton,42.587,-82.9199,150.72222222222223,56,75,0.45,US,1627415590
372,Manama,26.2154,50.5832,154.58333333333334,75,0,4.12,BH,1627415355
373,Bahía Blanca,-38.7196,-62.2724,139.13333333333333,49,99,8.06,AR,1627415591
374,Périgueux,45.1833,0.7167,144.89999999999998,78,45,1.03,FR,1627415591
375,Magistral'nyy,56.1725,107.4458,143.42222222222225,63,20,0.94,RU,1627415591
376,Kumul,42.8,93.45,151.0,18,0,3.27,CN,1627415486
377,Pozo Colorado,-23.4923,-58.7972,144.45,21,13,4.51,PY,1627415488
378,Aleksandrov Gay,50.147,48.5704,146.7555555555556,41,66,3.48,RU,1627415591
379,Fendou,46.65,124.8667,146.0666666666667,94,64,2.66,CN,1627415592
380,Madulao,13.5622,122.3378,149.27777777777777,82,100,6.18,PH,1627415592
381,Porto Nacional,-10.7081,-48.4172,152.30555555555554,20,6,0.38,BR,1627415406
382,Mareeba,-17.0,145.4333,142.75,94,13,0.87,AU,1627415592
383,Donskoye,45.4552,41.9741,143.6222222222222,74,92,4.36,RU,1627415592
384,Matagami,49.7502,-77.6328,144.00555555555556,52,90,2.06,CA,1627415592
385,Coppell,32.9546,-97.015,155.71666666666667,42,100,0.89,US,1627415592
386,Galle,6.0367,80.217,148.6222222222222,87,100,5.0,LK,1627415593
387,Alihe,50.5667,123.7167,143.01111111111112,98,100,1.2,CN,1627415593
388,Tarbagatay,51.4803,107.3602,141.60555555555553,79,20,1.54,RU,1627415593
389,Carnarvon,-24.8667,113.6333,142.32777777777778,54,90,2.06,AU,1627415469
390,Al Bardīyah,31.7561,25.0865,148.5111111111111,66,0,3.02,LY,1627415593
391,Tarauacá,-8.1614,-70.7656,151.42222222222222,49,94,1.38,BR,1627415593
392,Mayo,38.8876,-76.5119,154.42222222222222,55,20,0.89,US,1627415593
393,Ndjolé,-0.1783,10.7649,148.16666666666666,74,86,2.46,GA,1627415594
394,Sierra Vista,31.5545,-110.3037,151.81666666666666,40,20,1.34,US,1627415594
395,Vila Franca do Campo,37.7167,-25.4333,145.76666666666668,76,20,4.42,PT,1627415594
396,Dhanwār,24.4167,85.9833,147.92777777777778,92,100,3.2,IN,1627415594
397,Acapulco de Juárez,16.8634,-99.8901,151.01666666666665,63,41,3.13,MX,1627415556
398,Bossangoa,6.4926,17.4552,145.64444444444447,98,100,1.16,CF,1627415594
399,Bundaberg,-24.85,152.35,142.3722222222222,90,90,0.0,AU,1627415594
400,Topeka,39.0483,-95.678,153.96666666666664,57,1,2.06,US,1627415518
401,Metu,8.3,35.5833,141.43888888888887,98,98,0.91,ET,1627415594
402,Auki,-8.7676,160.7034,147.78333333333333,89,55,2.03,SB,1627415492
403,Paamiut,61.994,-49.6678,138.14444444444447,76,7,7.05,GL,1627415595
404,Opuwo,-18.0607,13.84,142.95,29,0,3.71,NA,1627415595
405,Bhag,29.0415,67.8239,154.10555555555553,42,94,4.71,PK,1627415595
406,Talas,38.6908,35.5538,145.2888888888889,52,0,4.63,TR,1627415595
407,Orël-Izumrud,43.4583,39.9244,145.64444444444447,88,75,4.02,RU,1627415595
408,Chara,56.9064,118.2631,142.46666666666667,81,98,0.68,RU,1627415595
409,Katsuura,35.1333,140.3,147.91666666666666,87,99,4.62,JP,1627415486
410,Vila Velha,-20.3297,-40.2925,147.84444444444443,73,20,6.69,BR,1627415501
411,Alofi,-19.0595,-169.9187,145.60555555555553,94,99,0.51,NU,1627415494
412,Morón,-34.6534,-58.6198,140.13333333333333,46,25,5.67,AR,1627415596
413,Catuday,16.2923,119.8062,148.89999999999998,84,100,7.91,PH,1627415596
414,Lüderitz,-26.6481,15.1594,141.70555555555555,75,0,4.74,NA,1627415487
415,Yulara,-25.2406,130.9889,144.47777777777776,39,75,4.12,AU,1627415515
416,NEDJO,9.5046,35.5019,141.76111111111112,98,100,1.02,ET,1627415596
417,Klaksvík,62.2266,-6.589,140.36666666666667,96,92,5.62,FO,1627415596
418,Tomatlán,19.9333,-105.25,152.0111111111111,57,25,3.4,MX,1627415596
419,Abu Kamal,34.4506,40.9171,153.36666666666667,19,0,6.37,SY,1627415596
420,Itaituba,-4.2761,-55.9836,153.46666666666667,46,20,3.09,BR,1627415597
421,Poyarkovo,49.6,128.6833,145.73333333333332,98,100,2.31,RU,1627415597
422,Panjakent,39.4952,67.6093,147.3722222222222,32,0,1.59,TJ,1627415597
423,Gilgit,35.9221,74.3087,152.3166666666667,47,21,1.53,PK,1627415597
424,Yangshe,31.8899,120.6052,148.18333333333334,99,100,3.58,CN,1627415597
425,Preeceville,51.95,-102.6677,152.13888888888889,23,2,5.26,CA,1627415597
426,Bandarbeyla,9.4942,50.8122,149.16111111111113,63,27,11.1,SO,1627415597
427,São Filipe,14.8961,-24.4956,147.20555555555558,78,16,2.6,CV,1627415511
428,Khorramabad,33.4878,48.3558,150.69444444444446,17,2,2.11,IR,1627415597
429,Hofn,64.2539,-15.2082,140.7444444444444,84,86,1.95,IS,1627415515
430,La Ronge,55.1001,-105.2842,146.2611111111111,60,75,2.06,CA,1627415468
431,Leshukonskoye,64.8989,45.7622,136.83333333333334,92,16,2.68,RU,1627415598
432,Guerrero Negro,27.9769,-114.0611,149.28333333333333,50,0,5.75,MX,1627415465
433,Glendive,47.1053,-104.7125,155.27777777777777,23,1,0.0,US,1627415598
434,Menongue,-14.6585,17.691,140.7,36,0,2.49,AO,1627415598
435,Tavda,58.0425,65.2726,139.38333333333333,96,21,1.96,RU,1627415598
436,Saint-Marc,19.1082,-72.6938,151.24444444444444,61,75,4.03,HT,1627415598
437,Manado,1.487,124.8455,147.54444444444442,83,20,0.51,ID,1627415598
438,Vao,-22.6667,167.4833,145.17777777777778,56,100,7.45,NC,1627415599
439,Hermosillo,29.0667,-110.9667,155.38333333333333,40,82,0.45,MX,1627415599
440,Nsoko,-27.0333,31.95,141.22222222222223,87,2,2.48,SZ,1627415599
441,Imbituba,-28.24,-48.6703,141.71666666666664,79,100,7.1,BR,1627415599
442,Te Anau,-45.4167,167.7167,137.14999999999998,91,15,1.19,NZ,1627415599
443,Huacho,-11.1067,-77.605,145.3222222222222,73,24,4.85,PE,1627415599
444,Jaqué,7.5175,-78.1703,148.9611111111111,83,100,2.2,PA,1627415600
445,Sørland,67.667,12.6934,142.32777777777778,88,5,4.83,NO,1627415600
446,Shulan,44.4167,126.95,145.98333333333332,86,13,1.08,CN,1627415600
447,Baoro,5.6667,15.9667,145.17222222222222,95,100,0.25,CF,1627415600
448,Tahoua,14.8888,5.2692,151.25555555555556,47,100,4.4,NE,1627415600
449,Carballo,43.213,-8.691,145.5722222222222,87,25,2.11,ES,1627415467
450,Inhambane,-23.865,35.3833,142.29999999999998,94,20,1.54,MZ,1627415600
451,Fuyang,32.9,115.8167,147.18333333333334,97,100,8.34,CN,1627415419
452,Aklavik,68.2191,-135.0107,142.30555555555554,82,90,1.03,CA,1627415601
453,Moindou,-21.6924,165.677,140.6222222222222,72,0,1.75,NC,1627415601
454,Lata,40.1629,-8.3327,144.88333333333333,77,0,2.63,PT,1627415478
455,Guiyang,26.5833,106.7167,145.7888888888889,88,20,2.0,CN,1627415601
456,Radlje ob Dravi,46.6142,15.2264,147.26666666666665,82,28,2.18,SI,1627415601
457,Nome,64.5011,-165.4064,139.55,93,90,4.12,US,1627415601
458,Abra de Ilog,13.4437,120.7291,148.98333333333335,88,100,7.64,PH,1627415601
459,Viedma,-40.8135,-62.9967,138.22777777777776,65,92,10.77,AR,1627415601
460,Puerto Suárez,-18.95,-57.8,144.63888888888889,63,90,7.2,BO,1627415601
461,Srednekolymsk,67.45,153.6833,136.63333333333333,82,100,4.96,RU,1627415252
462,Moussoro,13.6408,16.4901,148.6611111111111,67,99,3.95,TD,1627415602
463,Waiouru,-39.4833,175.6667,136.11111111111111,92,96,2.53,NZ,1627415602
464,Maridi,4.9158,29.4742,144.3777777777778,96,100,0.96,SS,1627415602
465,Fangshan,39.6983,115.9925,147.78333333333333,96,100,1.42,CN,1627415602
466,Santa Cruz de la Sierra,-17.8,-63.1667,143.80555555555554,39,75,9.26,BO,1627415510
467,Sechura,-5.5569,-80.8222,148.22222222222223,59,12,6.34,PE,1627415602
468,Kalmunai,7.4167,81.8167,149.4,69,100,2.69,LK,1627415602
469,Mogadishu,2.0371,45.3438,147.76111111111112,83,100,9.26,SO,1627415602
470,Conceição do Araguaia,-8.2578,-49.2647,153.88333333333333,17,0,2.56,BR,1627415603
471,Damara,4.9608,18.7035,147.12777777777777,93,100,1.58,CF,1627415603
472,Kitob,39.0843,66.8332,148.69444444444446,22,0,5.6,UZ,1627415603
473,Kenai,60.5544,-151.2583,145.7111111111111,70,1,4.63,US,1627415518
474,Westport,41.1415,-73.3579,152.63333333333333,50,1,0.45,US,1627415488
475,Ahwa,20.75,73.6833,146.41666666666666,92,100,5.56,IN,1627415333
476,Bajil,15.0584,43.2851,151.0222222222222,58,100,2.1,YE,1627415603
477,Dwārka,22.2394,68.9678,149.4,85,100,12.85,IN,1627415480
478,Mehamn,71.0357,27.8492,138.72222222222223,90,45,3.17,NO,1627415603
479,Callaway,30.153,-85.5699,153.47222222222223,61,75,3.13,US,1627415603
480,Vitória da Conquista,-14.8661,-40.8394,146.85555555555553,46,61,3.2,BR,1627415603
481,Khani,41.9563,42.9566,143.8388888888889,97,63,0.8,GE,1627415489
482,Turukhansk,65.8167,87.9833,140.63888888888889,94,100,3.86,RU,1627415479
483,Minuri,16.535,121.8574,148.66666666666666,74,100,1.41,PH,1627415604
484,Rodrigues Alves,-7.738,-72.6509,152.36666666666667,64,100,0.99,BR,1627415604
485,Senneterre,48.3835,-77.2328,145.14999999999998,45,70,3.2,CA,1627415604
486,Maceió,-9.6658,-35.7353,148.2444444444444,83,75,4.12,BR,1627415463
487,Rock Sound,24.9,-76.2,149.93333333333334,70,5,2.07,BS,1627415604
488,Orgovány,46.7509,19.4726,150.09444444444446,38,28,3.03,HU,1627415604
489,Puerto Escondido,15.85,-97.0667,150.45,71,100,1.85,MX,1627415476
490,Nordenham,53.5,8.4833,145.15555555555554,79,100,5.84,DE,1627415605
491,Sicamous,50.8331,-118.9856,151.40555555555554,24,0,2.06,CA,1627415605
492,Uri,34.0833,74.0333,147.62222222222223,98,95,1.24,IN,1627415605
493,Monterey,36.2505,-121.2516,151.78333333333333,20,0,1.65,US,1627415341
494,Nur-Sultan,51.1801,71.446,141.73333333333332,51,0,2.0,KZ,1627415456
495,Nesoddtangen,59.8655,10.6594,144.5222222222222,44,100,2.17,NO,1627415605
496,Hīt,33.6416,42.8251,155.11666666666667,18,0,9.8,IQ,1627415466
497,Manbij,36.5281,37.9549,150.87777777777777,29,0,13.03,SY,1627415605
498,Winnemucca,40.973,-117.7357,152.8777777777778,21,1,5.14,US,1627415605
499,Katima Mulilo,-17.5,24.2667,140.5055555555556,49,0,2.66,NA,1627415606
500,Les Cayes,18.2,-73.75,150.80555555555554,67,100,4.72,HT,1627415606
501,Hualmay,-11.0964,-77.6139,145.2277777777778,73,25,4.9,PE,1627415502
502,Barra do Garças,-15.89,-52.2567,152.48333333333335,27,20,2.57,BR,1627415606
503,Tamandaré,-8.7597,-35.1047,147.52222222222224,84,9,3.22,BR,1627415606
504,Trincomalee,8.5711,81.2335,149.10000000000002,79,99,10.22,LK,1627415606
505,Pichayevo,53.2363,42.2032,144.17222222222222,63,2,0.96,RU,1627415606
506,Najrān,17.4924,44.1277,150.83888888888887,34,96,1.21,SA,1627415606
507,Kalemie,-5.9475,29.1947,145.36666666666667,59,37,2.09,CD,1627415607
508,Morant Bay,17.8815,-76.4093,151.07777777777778,70,67,5.21,JM,1627415607
509,Buchanan,5.8808,-10.0467,147.29444444444445,79,100,4.9,LR,1627415607
510,Dali,25.7,100.1833,143.69444444444446,91,99,0.88,CN,1627415607
511,Atar,20.5169,-13.0499,155.16666666666666,13,75,2.95,MR,1627415607
512,Vanavara,60.34,102.2797,143.98333333333335,58,10,1.19,RU,1627415607
513,Elko,41.0002,-115.5012,153.33888888888887,20,7,5.81,US,1627415607
514,Abnūb,27.2696,31.1511,152.3722222222222,19,0,4.26,EG,1627415608
515,Edd,13.9297,41.6925,151.93333333333334,64,54,2.19,ER,1627415608
516,St. George's,12.0564,-61.7485,150.5388888888889,70,20,6.17,GD,1627415426
517,Edirne,41.6772,26.556,147.4888888888889,44,0,2.63,TR,1627415580
518,Narwāna,29.6167,76.1167,148.97222222222223,91,100,1.14,IN,1627415608
519,Airai,-8.9266,125.4092,141.5,69,60,1.31,TL,1627415501
520,Port Hueneme,34.1478,-119.1951,155.02222222222224,74,20,3.09,US,1627415608
521,Plettenberg Bay,-34.0527,23.3716,141.63888888888889,85,2,1.87,ZA,1627415608
522,Suozhen,36.9539,118.1047,146.7388888888889,90,90,2.72,CN,1627415608
523,Swan River,52.1058,-101.2676,149.4944444444444,34,2,1.54,CA,1627415608
524,Santa Ana,33.7456,-117.8678,155.8166666666667,62,20,0.45,US,1627415572
525,Sovetskiy,61.3614,63.5842,138.5111111111111,70,86,2.47,RU,1627415609
526,Abhā,18.2164,42.5053,145.02777777777777,88,28,0.0,SA,1627415327
527,Humaitá,-7.5061,-63.0208,154.6777777777778,24,5,1.18,BR,1627415609
528,Laas,46.6166,10.7002,143.54444444444445,94,93,2.01,IT,1627415609
529,São Lourenço do Sul,-31.3653,-51.9783,140.10000000000002,46,3,7.43,BR,1627415609
530,Samarai,-10.6167,150.6667,148.15,87,75,5.37,PG,1627415481
531,Barabinsk,55.3571,78.357,142.13333333333333,60,100,2.48,RU,1627415609
532,Erzin,36.9559,36.2,150.24444444444444,73,0,0.9,TR,1627415609
533,Upata,8.0086,-62.3989,148.22777777777776,85,99,1.4,VE,1627415609
534,La Malbaie,47.6575,-70.1559,145.90555555555557,44,5,3.88,CA,1627415610
535,Hirara,24.8,125.2833,149.4277777777778,88,100,2.39,JP,1627415610
536,Joshīmath,30.5667,79.5667,146.91666666666666,96,99,0.86,IN,1627415610
537,Puerto Carreño,6.189,-67.4859,150.56666666666666,66,89,1.14,CO,1627415610
538,Aldan,58.6031,125.3894,142.28333333333336,92,22,0.3,RU,1627415610
539,Aswān,24.0934,32.907,153.75555555555556,18,0,4.12,EG,1627415355
540,Tyukalinsk,55.8732,72.1967,142.45000000000002,56,100,3.84,RU,1627415611
541,Hailar,49.2,119.7,142.14444444444447,94,0,1.77,CN,1627415611
542,La Palma,33.8464,-118.0467,156.13333333333333,64,0,1.79,US,1627415611
543,Orvieto,42.7195,12.1116,147.83333333333334,63,59,0.45,IT,1627415402
544,Fukuechō,32.6881,128.8419,148.47777777777776,82,0,1.49,JP,1627415611
545,Matão,-21.6033,-48.3658,150.5722222222222,21,4,4.74,BR,1627415611
546,Tual,-5.6667,132.75,148.93888888888887,83,71,6.98,ID,1627415611
547,Beira,-19.8436,34.8389,145.11111111111111,82,20,3.13,MZ,1627415611
548,Emerald,-23.5333,148.1667,140.13888888888889,59,27,1.03,AU,1627415612
549,Jardim,-21.4803,-56.1381,141.45555555555555,74,100,5.3,BR,1627415612
550,Andenes,69.3143,16.1194,140.16666666666666,100,90,5.66,NO,1627415612
551,Buwenge,0.6422,33.1744,144.75555555555556,70,95,1.03,UG,1627415612
552,Lishu,43.3047,124.3278,146.9388888888889,89,73,0.44,CN,1627415612
