City ID,City,Lat,Lng,Max Temp,Humidity,Cloudiness,Wind Speed,Country,Date
0,Ponta do Sol,32.6667,-17.1,146.9388888888889,68,9,2.64,PT,1627425707
1,São José da Coroa Grande,-8.8978,-35.1478,147.19444444444446,85,25,3.2,BR,1627425708
2,Lüderitz,-26.6481,15.1594,141.31666666666666,74,0,4.38,NA,1627425708
3,Hithadhoo,-0.6,73.0833,149.0722222222222,78,97,3.48,MV,1627425708
4,Mataura,-46.1927,168.8643,139.6777777777778,82,47,0.31,NZ,1627425708
5,Albany,42.6001,-73.9662,146.00555555555556,88,61,2.24,US,1627425708
6,Rikitea,-23.1203,-134.9692,147.12777777777777,77,100,5.96,PF,1627425708
7,Hermanus,-34.4187,19.2345,141.31666666666666,75,88,7.02,ZA,1627425708
8,Ribeira Grande,38.5167,-28.7,146.41666666666666,83,73,4.89,PT,1627425708
9,Bambous Virieux,-20.3428,57.7575,145.14999999999998,100,75,8.75,MU,1627425708
10,Prainha,-1.8,-53.48,148.9611111111111,64,11,1.76,BR,1627425708
11,Margate,51.3813,1.3862,143.63333333333333,87,22,0.89,GB,1627425709
12,Matara,5.9485,80.5353,148.36111111111111,89,99,4.81,LK,1627425413
13,Puerto Rico,-26.796,-55.024,137.42222222222225,53,0,1.42,AR,1627425709
14,Ixtapa,20.7,-105.2,151.63333333333333,62,20,5.14,MX,1627425709
15,Avarua,-21.2078,-159.775,147.8777777777778,65,91,2.06,CK,1627425709
16,Qaanaaq,77.484,-69.3632,136.98888888888888,99,100,2.66,GL,1627425709
17,Labuhan,-6.8844,112.2051,146.5888888888889,88,21,3.36,ID,1627425709
18,Hobart,-42.8794,147.3294,141.14999999999998,81,40,1.79,AU,1627425709
19,Vaini,-21.2,-175.2,145.6888888888889,88,90,3.6,TO,1627425709
20,Bredasdorp,-34.5322,20.0403,141.5388888888889,72,100,5.66,ZA,1627425709
21,Barrow,71.2906,-156.7887,137.31111111111113,84,90,7.72,US,1627425710
22,New Norfolk,-42.7826,147.0587,141.0388888888889,74,93,3.54,AU,1627425710
23,Porto Recanati,43.4365,13.6613,148.51666666666665,53,14,2.31,IT,1627425710
24,Bumba,2.1833,22.4667,146.84444444444443,68,94,0.94,CD,1627425526
25,Salalah,17.0151,54.0924,148.44444444444446,89,90,4.12,OM,1627425710
26,Oga,46.4631,10.347,141.52777777777777,92,92,2.11,IT,1627425710
27,Mar del Plata,-38.0023,-57.5575,138.63888888888889,64,75,5.36,AR,1627425630
28,Anadyr,64.75,177.4833,139.1277777777778,100,90,7.6,RU,1627425660
29,Lagoa,39.05,-27.9833,146.07777777777778,85,100,4.67,PT,1627425710
30,Yulara,-25.2406,130.9889,142.25555555555556,55,90,0.0,AU,1627425710
31,Busselton,-33.65,115.3333,138.30555555555554,75,100,5.71,AU,1627425711
32,Livingston,55.9029,-3.5226,143.2722222222222,90,75,1.54,GB,1627425521
33,Butaritari,3.0707,172.7902,149.28333333333333,70,98,0.84,KI,1627425711
34,Stanari,44.7472,17.8294,145.85,57,33,1.83,BA,1627425711
35,Bengkulu,-3.8004,102.2655,146.56666666666666,74,40,2.38,ID,1627425711
36,Ucluelet,48.9329,-125.5528,151.27222222222224,70,4,1.34,CA,1627425711
37,Bethel,41.3712,-73.414,150.67222222222222,64,1,5.14,US,1627425711
38,Horsham,51.064,-0.3272,143.95000000000002,90,75,3.09,GB,1627425711
39,Thompson,55.7435,-97.8558,147.91111111111113,44,75,5.66,CA,1627425711
40,Kaitangata,-46.2817,169.8464,139.8166666666667,66,83,1.8,NZ,1627425712
41,Chokurdakh,70.6333,147.9167,136.60000000000002,70,100,5.02,RU,1627425712
42,Carnarvon,-24.8667,113.6333,141.77222222222224,54,100,2.06,AU,1627425712
43,Gratkorn,47.1497,15.3655,145.4944444444444,65,21,1.03,AT,1627425712
44,Nouadhibou,20.931,-17.0347,145.63333333333333,83,3,8.75,MR,1627425712
45,Longyearbyen,78.2186,15.6401,137.8111111111111,87,75,5.14,SJ,1627425712
46,Matagami,49.7502,-77.6328,144.5611111111111,45,75,2.57,CA,1627425712
47,Khargone,21.8167,75.6,147.61111111111111,85,100,6.75,IN,1627425712
48,East London,-33.0153,27.9116,146.64444444444445,25,0,5.28,ZA,1627425596
49,Port Augusta,-32.5,137.7667,141.60000000000002,74,11,3.59,AU,1627425712
50,Tautira,-17.7333,-149.15,149.53333333333336,73,87,4.89,PF,1627425713
51,Dikson,73.5069,80.5464,136.20000000000002,100,100,7.99,RU,1627425713
52,Goya,-29.14,-59.2626,138.22222222222223,35,0,1.76,AR,1627425713
53,Nikolskoye,59.7035,30.7861,145.20555555555555,64,92,2.21,RU,1627425713
54,Belfast,54.5833,-5.9333,141.69444444444446,92,20,2.06,GB,1627425701
55,Yellowknife,62.456,-114.3525,142.47777777777776,47,75,1.34,CA,1627425713
56,Mercedes,-34.6515,-59.4307,139.06666666666666,60,12,4.39,AR,1627425712
57,Port Alfred,-33.5906,26.891,143.67777777777778,73,12,6.34,ZA,1627425713
58,San Andrés,12.5847,-81.7006,150.64444444444447,74,40,3.09,CO,1627425713
59,Tete,-16.1564,33.5867,145.11111111111111,68,75,3.09,MZ,1627425713
60,Omsukchan,62.5333,155.8,137.92777777777778,67,99,4.25,RU,1627425714
61,Faanui,-16.4833,-151.75,148.21666666666667,74,25,3.45,PF,1627425714
62,Xining,36.6167,101.7667,140.55555555555554,72,61,0.7,CN,1627425714
63,Tuatapere,-46.1333,167.6833,139.78333333333336,79,7,1.31,NZ,1627425714
64,Mapastepec,15.4333,-92.9,150.00555555555556,82,85,1.53,MX,1627425714
65,Beyneu,45.3167,55.2,148.6222222222222,21,99,4.4,KZ,1627425714
66,Fortuna,40.5982,-124.1573,142.96666666666664,96,1,0.0,US,1627425714
67,Iqaluit,63.7506,-68.5145,140.55555555555554,54,90,6.71,CA,1627425714
68,Port Elizabeth,-33.918,25.5701,142.39444444444445,88,0,5.66,ZA,1627425714
69,Bam,29.106,58.357,150.86666666666667,15,100,6.16,IR,1627425714
70,Mahina,-17.5065,-149.489,149.45555555555555,61,75,2.57,PF,1627425715
71,Punta Arenas,-53.15,-70.9167,137.33888888888887,87,75,4.63,CL,1627425715
72,Jharsuguda,21.85,84.0333,146.93333333333334,96,100,4.04,IN,1627425715
73,Honiara,-9.4333,159.95,149.97222222222223,73,79,3.8,SB,1627425715
74,Katsuura,35.1333,140.3,149.15555555555557,82,100,8.08,JP,1627425715
75,Puerto Ayora,-0.7393,-90.3518,148.9611111111111,74,10,5.16,EC,1627425715
76,Flinders,-34.5833,150.8552,142.73333333333335,50,79,4.43,AU,1627425715
77,Jalu,29.0331,21.5482,149.89444444444445,29,0,3.49,LY,1627425715
78,Aklavik,68.2191,-135.0107,143.67222222222225,77,75,2.06,CA,1627425715
79,Hilo,19.7297,-155.09,148.88888888888889,83,90,4.12,US,1627425715
80,Cabo San Lucas,22.8909,-109.9124,154.22222222222223,58,1,6.17,MX,1627425716
81,Tabou,4.423,-7.3528,147.82777777777775,76,100,3.79,CI,1627425716
82,Provideniya,64.3833,-173.3,139.5611111111111,87,90,6.0,RU,1627425716
83,Hofn,64.2539,-15.2082,140.8,83,94,2.41,IS,1627425716
84,Padang,-0.9492,100.3543,147.32222222222222,88,50,1.68,ID,1627425716
85,Khatanga,71.9667,102.5,148.03333333333333,55,82,7.31,RU,1627425716
86,Wanning,18.8003,110.3967,149.33888888888887,80,100,3.74,CN,1627425716
87,Winneba,5.3511,-0.6231,147.45000000000002,87,97,4.6,GH,1627425716
88,Bluff,-46.6,168.3333,139.77777777777777,70,19,6.64,NZ,1627425716
89,Alzamay,55.5562,98.6644,143.70000000000002,99,100,1.74,RU,1627425717
90,Ushuaia,-54.8,-68.3,135.53333333333333,93,90,2.06,AR,1627425424
91,Caravelas,-17.7125,-39.2481,146.48333333333335,84,3,3.73,BR,1627425717
92,Nūzvīd,16.7833,80.85,149.26111111111112,66,90,6.36,IN,1627425717
93,Maroantsetra,-15.4333,49.7333,144.92222222222225,84,86,2.17,MG,1627425717
94,Arraial do Cabo,-22.9661,-42.0278,148.40555555555557,65,0,2.06,BR,1627425717
95,Imbituba,-28.24,-48.6703,141.32222222222222,73,98,8.43,BR,1627425717
96,Aswān,24.0934,32.907,152.08888888888887,20,0,5.14,EG,1627425718
97,Mutsu,41.2894,141.2169,147.40555555555554,95,97,5.68,JP,1627425718
98,George Town,5.4112,100.3354,149.6777777777778,87,20,0.45,MY,1627425604
99,Saskylakh,71.9167,114.0833,142.1,60,18,8.11,RU,1627425718
100,Esperance,-33.8667,121.9,137.8111111111111,79,27,6.51,AU,1627425718
101,George Town,5.4112,100.3354,149.6777777777778,87,20,0.45,MY,1627425718
102,Văleni,46.5928,28.0625,145.98888888888888,68,20,2.45,RO,1627425718
103,Mombetsu,44.3525,143.3525,148.02222222222224,79,24,1.01,JP,1627425718
104,Kalmunai,7.4167,81.8167,149.0888888888889,71,99,2.25,LK,1627425718
105,Geraldton,-28.7667,114.6,143.2722222222222,87,75,1.54,AU,1627425718
106,Marystown,47.1666,-55.1483,144.11111111111111,100,100,2.24,CA,1627425479
107,Ilulissat,69.2167,-51.1,141.20000000000002,62,100,1.03,GL,1627425721
108,Eureka,40.8021,-124.1637,143.05,88,100,1.34,US,1627425721
109,Namie,37.4833,141.0,149.39444444444447,83,99,2.59,JP,1627425721
110,West Bay,19.3667,-81.4167,147.32777777777778,94,90,5.14,KY,1627425721
111,Jamestown,42.097,-79.2353,147.95,65,90,1.79,US,1627425721
112,San Carlos,9.6612,-68.5827,148.15,88,93,0.95,VE,1627425722
113,Tuktoyaktuk,69.4541,-133.0374,140.63888888888889,71,75,3.6,CA,1627425722
114,Stary Krym,45.0333,35.1,144.8722222222222,60,1,0.52,UA,1627425722
115,Vestmannaeyjar,63.4427,-20.2734,140.5611111111111,85,37,4.83,IS,1627425722
116,Quatre Cocos,-20.2078,57.7625,145.11111111111111,87,95,6.91,MU,1627425722
117,Puerto Madryn,-42.7692,-65.0385,136.97222222222223,74,38,7.57,AR,1627425722
118,Fairfield,41.2668,-73.3162,150.65555555555557,57,1,5.66,US,1627425722
119,Hasaki,35.7333,140.8333,148.5666666666667,83,76,7.39,JP,1627425722
120,North Bend,43.4065,-124.2243,147.21666666666667,76,1,10.29,US,1627425669
121,Sørkjosen,69.8,20.9333,139.68333333333334,95,39,1.07,NO,1627425723
122,Airai,-8.9266,125.4092,142.94444444444446,62,52,1.65,TL,1627425723
123,Camacha,33.0833,-16.3333,145.86666666666667,64,75,6.69,PT,1627425723
124,Tasiilaq,65.6145,-37.6368,137.91111111111113,79,31,3.49,GL,1627425723
125,Leningradskiy,69.3833,178.4167,134.63888888888889,98,100,3.56,RU,1627425723
126,Norman Wells,65.282,-126.8329,145.65,56,75,3.6,CA,1627425723
127,Harrisburg,40.2737,-76.8844,151.98888888888888,45,20,0.45,US,1627425723
128,Syracuse,37.0881,15.2792,150.29444444444442,57,0,2.05,IT,1627425499
129,Isangel,-19.55,169.2667,147.33888888888887,69,40,1.54,VU,1627425723
130,Sinegor'ye,62.0788,150.477,138.65555555555554,67,100,3.13,RU,1627425724
131,Hammerfest,70.6634,23.6821,138.0,100,90,3.09,NO,1627425454
132,Helong,42.5397,128.9972,148.7888888888889,68,5,0.91,CN,1627425724
133,Warrnambool,-38.3833,142.4833,140.39444444444445,76,35,10.79,AU,1627425724
134,Nanortalik,60.1432,-45.2371,138.42222222222225,76,55,1.72,GL,1627425724
135,Atuona,-9.8,-139.0333,148.22777777777776,66,15,8.47,PF,1627425724
136,Nyurba,63.2842,118.3319,146.20555555555558,61,14,1.34,RU,1627425724
137,Treuchtlingen,48.95,10.9167,145.2111111111111,96,100,2.81,DE,1627425724
138,Tra Vinh,9.9347,106.3453,148.26666666666668,84,32,4.15,VN,1627425724
139,Gamba,-2.65,10.0,146.33333333333334,90,88,2.61,GA,1627425724
140,Sūsangerd,31.5608,48.1831,154.53333333333336,12,3,8.45,IR,1627425725
141,Codrington,-38.2667,141.9667,139.2388888888889,78,35,9.15,AU,1627425725
142,Damietta,31.4165,31.8133,149.4944444444444,70,0,4.84,EG,1627425725
143,Tromsø,69.6496,18.957,141.95,93,90,8.23,NO,1627425725
144,Huarmey,-10.0681,-78.1522,144.64999999999998,81,24,4.31,PE,1627425725
145,Gull Lake,50.1001,-108.4847,153.52777777777777,13,66,6.92,CA,1627425725
146,Ürümqi,43.801,87.6005,148.15555555555557,28,0,3.0,CN,1627425640
147,Hong Kong,22.2855,114.1577,151.24444444444444,92,98,4.92,HK,1627425436
148,Chibombo,-14.6569,28.0706,139.39444444444447,53,86,2.36,ZM,1627425725
149,Saint-Philippe,-21.3585,55.7679,144.95555555555558,87,53,5.96,RE,1627425725
150,Constitución,-35.3333,-72.4167,138.91666666666666,73,0,3.2,CL,1627425725
151,Fairbanks,64.8378,-147.7164,144.63333333333333,65,90,0.45,US,1627425726
152,Kununurra,-15.7667,128.7333,143.96666666666664,94,7,0.51,AU,1627425726
153,Mehamn,71.0357,27.8492,138.33333333333334,91,49,2.75,NO,1627425726
154,Funtua,11.5233,7.3081,144.81111111111113,94,98,3.52,NG,1627425726
155,Mandalgovi,45.7625,106.2708,144.31666666666666,64,91,1.43,MN,1627425726
156,Filingué,14.3521,3.3168,150.11666666666667,59,92,2.77,NE,1627425726
157,Saint Paul Harbor,57.79,-152.4072,142.7111111111111,63,75,1.54,US,1627425726
158,Pierre,44.3683,-100.351,157.5888888888889,13,1,7.2,US,1627425726
159,Sitka,57.0531,-135.33,142.2722222222222,82,90,0.0,US,1627425726
160,Grand Gaube,-20.0064,57.6608,145.20000000000002,90,74,3.13,MU,1627425726
161,Zastavna,48.5231,25.8437,146.7277777777778,66,20,1.97,UA,1627425727
162,Burgeo,47.6167,-57.6152,143.2888888888889,99,96,2.84,CA,1627425727
163,Elko,41.0002,-115.5012,152.50555555555556,40,48,5.8,US,1627425727
164,Bilibino,68.0546,166.4372,136.86111111111111,85,100,0.51,RU,1627425727
165,Iquitos,-3.7481,-73.2472,148.4277777777778,83,75,1.54,PE,1627425684
166,Payakumbuh,-0.2202,100.6308,145.35000000000002,97,55,1.0,ID,1627425727
167,San Policarpo,12.1791,125.5072,149.35555555555553,74,99,4.72,PH,1627425727
168,Zhigansk,66.7697,123.3711,140.6888888888889,63,32,6.89,RU,1627425727
169,Belmonte,-15.8631,-38.8828,146.90555555555557,84,14,4.29,BR,1627425727
170,Garden City,42.3256,-83.331,150.65,49,75,2.57,US,1627425728
171,Bolotnoye,55.6717,84.3981,140.2111111111111,75,83,1.81,RU,1627425728
172,Dingle,10.9995,122.6711,148.92777777777778,84,100,4.65,PH,1627425728
173,Neuquén,-38.9516,-68.0591,139.4944444444444,43,0,1.03,AR,1627425496
174,Sorong,-0.8833,131.25,148.77777777777777,84,95,2.73,ID,1627425728
175,Marsabit,2.3284,37.9899,143.2555555555556,64,84,10.61,KE,1627425728
176,Chui,-33.6971,-53.4616,137.34444444444446,68,12,7.13,UY,1627425728
177,Parabel',58.6978,81.4825,141.40555555555554,75,98,3.33,RU,1627425728
178,Aripuanã,-9.1667,-60.6333,149.60555555555555,41,72,0.34,BR,1627425728
179,Vardø,70.3705,31.1107,137.36666666666667,88,86,5.77,NO,1627425728
180,Saint-Pierre,-21.3393,55.4781,144.98333333333335,83,75,7.2,RE,1627425729
181,Asău,46.4333,26.4,145.99444444444444,74,43,2.48,RO,1627425729
182,Talnakh,69.4865,88.3972,144.33888888888887,88,90,3.12,RU,1627425729
183,Pasni,25.2631,63.471,149.23333333333332,88,100,3.78,PK,1627425729
184,Olafsvik,64.8945,-23.7142,140.07777777777775,86,100,5.79,IS,1627425729
185,Clonakilty,51.6231,-8.8706,142.0611111111111,79,78,5.3,IE,1627425729
186,Port Blair,11.6667,92.75,149.31666666666666,84,97,8.4,IN,1627425729
187,Harper,4.375,-7.7169,147.81666666666666,75,100,3.76,LR,1627425729
188,Zelhem,52.0067,6.3486,143.62777777777777,92,100,0.45,NL,1627425729
189,Rongcheng,30.634,117.8517,147.86111111111111,97,100,3.0,CN,1627425730
190,Saint-Joseph,-21.3667,55.6167,144.64444444444447,83,35,6.26,RE,1627425730
191,Lebu,-37.6167,-73.65,138.83333333333334,78,0,10.31,CL,1627425730
192,Castro,-24.7911,-50.0119,139.02777777777777,93,100,3.03,BR,1627425730
193,Kapaa,22.0752,-159.319,150.1833333333333,75,90,1.79,US,1627425730
194,Ascension,30.2169,-90.9001,153.74444444444444,52,1,2.06,US,1627425730
195,Upernavik,72.7868,-56.1549,139.22222222222223,74,100,6.43,GL,1627425730
196,Souillac,-20.5167,57.5167,145.19444444444446,100,75,8.75,MU,1627425730
197,Cariati,39.4922,16.9594,149.31666666666666,57,0,1.31,IT,1627425731
198,Hay River,60.8156,-115.7999,143.4111111111111,51,75,2.06,CA,1627425731
199,Jinchang,38.4953,102.1739,146.26666666666665,31,63,3.81,CN,1627425731
200,Saint George,37.1041,-113.5841,153.61111111111111,28,1,1.79,US,1627425731
201,Severo-Kuril'sk,50.6789,156.125,141.77222222222224,95,100,2.67,RU,1627425731
202,Krasnosel'kup,65.7,82.4667,138.79444444444442,91,96,3.31,RU,1627425731
203,Acaraú,-2.8856,-40.12,148.39999999999998,79,41,6.99,BR,1627425731
204,Yeppoon,-23.1333,150.7333,140.5722222222222,70,94,0.16,AU,1627425731
205,Yurginskoye,56.8189,67.3921,139.97222222222223,96,42,2.1,RU,1627425731
206,Umluj,25.0213,37.2685,150.97222222222223,67,82,3.65,SA,1627425732
207,Lucapa,-8.4192,20.7447,143.03333333333333,31,35,1.19,AO,1627425732
208,Kulhudhuffushi,6.6221,73.07,149.27222222222224,79,80,6.49,MV,1627425732
209,Lompoc,34.6391,-120.4579,151.79444444444445,73,75,6.17,US,1627425732
210,Itambé,-15.245,-40.6244,146.31111111111113,59,79,1.89,BR,1627425732
211,Fuyu,45.1833,124.8167,147.7888888888889,75,91,2.24,CN,1627425732
212,Jacareacanga,-6.2222,-57.7528,149.61666666666667,38,10,0.66,BR,1627425732
213,Srednekolymsk,67.45,153.6833,135.86111111111111,95,100,4.63,RU,1627425732
214,Zyryanka,65.75,150.85,138.95555555555555,62,100,6.09,RU,1627425732
215,Qui Nhon,13.7667,109.2333,149.95000000000002,71,99,6.17,VN,1627425733
216,Pevek,69.7008,170.3133,134.73333333333332,94,100,4.27,RU,1627425733
217,Kumul,42.8,93.45,150.15555555555554,19,2,2.98,CN,1627425737
218,Canindé,-4.3589,-39.3117,147.24444444444444,67,21,0.65,BR,1627425737
219,Ussel,45.55,2.3167,140.06111111111113,98,66,0.9,FR,1627425737
220,Pinehurst,35.1954,-79.4695,152.64444444444445,70,90,3.09,US,1627425737
221,Bahādurganj,26.2667,87.8167,148.9777777777778,88,100,3.71,IN,1627425737
222,Chone,-0.6833,-80.1,147.72222222222223,81,81,3.28,EC,1627425737
223,Byron Bay,-28.65,153.6167,144.7888888888889,65,4,6.12,AU,1627425738
224,Green River,41.5286,-109.4662,151.31666666666666,30,61,4.02,US,1627425738
225,Priargunsk,50.3691,119.1012,143.63333333333333,91,13,0.96,RU,1627425738
226,Itarema,-2.9248,-39.9167,148.23888888888888,80,27,6.76,BR,1627425738
227,Ponta Delgada,37.7333,-25.6667,145.30555555555554,83,20,10.8,PT,1627425738
228,Peniche,39.3558,-9.3811,145.00555555555556,89,0,8.06,PT,1627425738
229,Rio de Janeiro,-22.9028,-43.2075,149.51666666666668,51,0,3.09,BR,1627425451
230,Grand-Santi,4.25,-54.3833,148.14444444444447,77,79,0.95,GF,1627425738
231,Manokwari,-0.8667,134.0833,148.99444444444444,72,75,1.36,ID,1627425738
232,Pāsighāt,28.0667,95.3333,148.47777777777776,86,100,0.99,IN,1627425738
233,Innisfail,-17.5333,146.0333,145.7888888888889,70,19,1.47,AU,1627425738
234,Coyhaique,-45.5752,-72.0662,136.17777777777778,75,0,0.0,CL,1627425739
235,Ayan,56.45,138.1667,146.43888888888887,63,74,2.58,RU,1627425739
236,Artyom,40.4723,50.333,148.4611111111111,72,77,18.93,AZ,1627425739
237,Cape Town,-33.9258,18.4232,140.7888888888889,82,20,0.89,ZA,1627425552
238,Banda Aceh,5.5577,95.3222,148.71666666666667,81,33,5.64,ID,1627425739
239,Jaynagar,26.5833,86.15,148.92222222222222,90,100,2.22,IN,1627425739
240,Grindavik,63.8424,-22.4338,141.0388888888889,93,0,5.66,IS,1627425739
241,Puerto El Triunfo,13.2833,-88.55,152.5888888888889,73,79,2.48,SV,1627425739
242,Yumen,40.2833,97.2,147.22777777777776,22,27,2.91,CN,1627425739
243,Tamiahua,21.2667,-97.45,150.73888888888888,59,9,4.98,MX,1627425739
244,Lazurne,46.084,32.5295,147.7277777777778,61,3,2.72,UA,1627425739
245,La Ronge,55.1001,-105.2842,147.92777777777778,50,20,2.57,CA,1627425740
246,Formosa do Rio Preto,-11.0483,-45.1931,146.66666666666666,36,2,1.56,BR,1627425740
247,Igunga,-4.2833,33.8833,144.31666666666666,44,24,3.2,TZ,1627425740
248,Bubaque,11.2833,-15.8333,148.75,82,97,3.76,GW,1627425740
249,Eirunepé,-6.6603,-69.8736,149.20555555555555,62,77,0.79,BR,1627425740
250,Pontianak,-0.0333,109.3333,147.85555555555553,94,75,1.54,ID,1627425740
251,Lorengau,-2.0226,147.2712,150.22222222222223,71,7,2.79,PG,1627425740
252,Petropavlovka,50.6114,105.3196,143.7388888888889,74,46,0.12,RU,1627425740
253,Presidencia Roque Sáenz Peña,-26.7852,-60.4388,138.81111111111113,23,0,2.54,AR,1627425741
254,Poum,-20.2333,164.0167,146.09444444444446,61,2,6.0,NC,1627425741
255,Chapais,49.7834,-74.8492,142.79444444444442,48,100,2.83,CA,1627425741
256,Ulladulla,-35.35,150.4667,142.85000000000002,42,50,2.64,AU,1627425741
257,Mahébourg,-20.4081,57.7,145.16111111111113,100,75,8.75,MU,1627425741
258,Yertsevo,60.7966,40.086,139.10000000000002,75,18,0.46,RU,1627425741
259,Sfântu Gheorghe,45.8667,25.7833,147.32777777777778,75,1,0.95,RO,1627425544
260,Oddur,4.1213,43.8894,146.1611111111111,69,100,9.32,SO,1627425741
261,Laas,46.6166,10.7002,143.80555555555554,93,96,1.54,IT,1627425741
262,Wajima,37.4,136.9,148.67222222222225,80,10,1.89,JP,1627425741
263,Batagay-Alyta,67.8006,130.4114,139.22222222222223,60,15,5.98,RU,1627425742
264,Domoni,-12.2569,44.5319,146.90555555555557,74,18,4.7,KM,1627425742
265,Ukiah,39.1502,-123.2078,153.26666666666668,21,1,2.57,US,1627425742
266,Coquimbo,-29.9533,-71.3436,141.11111111111111,82,0,3.09,CL,1627425742
267,Great Yarmouth,52.6083,1.7305,143.09444444444443,94,74,5.11,GB,1627425742
268,Udachny,66.4167,112.4,148.58333333333334,46,78,1.56,RU,1627425516
269,Chhindwāra,22.0667,78.9333,145.98888888888888,92,100,5.32,IN,1627425742
270,Tiksi,71.6872,128.8694,136.39444444444445,85,47,4.66,RU,1627425742
271,Bushehr,28.9684,50.8385,153.37777777777777,63,6,0.66,IR,1627425723
272,Daru,-9.0763,143.2092,148.11666666666667,89,98,5.98,PG,1627425742
273,Nara,34.6851,135.8049,149.39444444444447,94,82,1.57,JP,1627425724
274,Fare,-16.7,-151.0167,148.27777777777777,72,36,3.64,PF,1627425743
275,Durrës,41.3231,19.4414,146.80555555555554,54,0,1.07,AL,1627425743
276,Pisco,-13.7,-76.2167,144.54444444444445,77,0,8.23,PE,1627425743
277,Westport,41.1415,-73.3579,151.1222222222222,55,1,0.45,US,1627425743
278,Timmins,48.4669,-81.3331,145.61666666666667,47,23,2.6,CA,1627425743
279,Monchegorsk,67.9397,32.8739,141.08333333333334,75,51,1.98,RU,1627425743
280,Kachīry,53.0675,76.1036,141.2111111111111,60,88,2.58,KZ,1627425743
281,Rome,43.2128,-75.4557,146.2388888888889,89,90,1.54,US,1627425702
282,Lata,40.1629,-8.3327,143.55555555555554,98,3,1.21,PT,1627425744
283,São João da Barra,-21.6403,-41.0511,146.4611111111111,86,2,9.36,BR,1627425744
284,Kloulklubed,7.0419,134.2556,149.68333333333334,73,88,4.28,PW,1627425744
285,Vangaindrano,-23.35,47.6,143.36666666666667,89,93,2.96,MG,1627425744
286,Danville,36.586,-79.395,152.55555555555554,64,1,0.0,US,1627425623
287,Ballina,-28.8667,153.5667,142.85555555555553,88,3,2.06,AU,1627425744
288,Shelburne,44.0787,-80.2041,147.47222222222223,48,54,2.99,CA,1627425744
289,Ardeşen,41.1911,40.9875,145.6277777777778,72,48,2.24,TR,1627425744
290,Peçanha,-18.5486,-42.5569,143.21666666666667,53,1,0.47,BR,1627425745
291,Bolobo,-2.1667,16.2333,146.50555555555556,35,10,2.11,CD,1627425745
292,Çarşamba,41.1989,36.7219,147.78333333333333,83,75,8.23,TR,1627425745
293,Rayong,12.8333,101.4333,150.26666666666668,99,100,2.25,TH,1627425745
294,Balestrand,61.2076,6.5334,145.13333333333333,94,100,1.89,NO,1627425745
295,Pangkalanbuun,-2.6833,111.6167,146.98888888888888,95,99,1.0,ID,1627425745
296,Norwich,52.6278,1.2983,143.11666666666667,95,62,2.06,GB,1627425688
297,Zhob,31.3411,69.4481,149.99444444444444,56,88,2.48,PK,1627425745
298,Cherskiy,68.75,161.3,135.88888888888889,78,100,8.28,RU,1627425745
299,Kavieng,-2.5744,150.7967,150.33333333333334,69,14,4.81,PG,1627425746
300,Siniscola,40.5719,9.6922,146.61111111111111,81,5,1.53,IT,1627425746
301,Taree,-31.9,152.4667,142.17222222222225,100,12,1.03,AU,1627425746
302,Orsha,54.5153,30.4053,143.88333333333333,96,95,3.36,BY,1627425718
303,Palmer,42.1584,-72.3287,151.0,66,75,1.79,US,1627425746
304,San Patricio,28.017,-97.5169,153.54444444444445,46,88,5.69,US,1627425746
305,São Filipe,14.8961,-24.4956,147.13333333333333,81,16,2.37,CV,1627425746
306,Touros,-5.1989,-35.4608,147.58333333333334,83,1,5.82,BR,1627425746
307,Port Hardy,50.6996,-127.4199,142.91666666666666,77,20,2.06,CA,1627425746
308,Puri,19.8,85.85,149.2111111111111,80,100,2.98,IN,1627425461
309,Sedalia,38.7045,-93.2283,152.44444444444446,57,1,1.54,US,1627425747
310,Mezhdurechenskiy,59.6,65.9333,137.63333333333333,84,34,2.16,RU,1627425747
311,Uvalde,29.3669,-99.767,154.4,24,1,4.63,US,1627425747
312,Dunedin,-45.8742,170.5036,140.08333333333334,65,11,4.92,NZ,1627425747
313,Malakal,9.5334,31.6605,145.73888888888888,95,91,1.64,SS,1627425747
314,Mayo,38.8876,-76.5119,153.05,63,1,1.79,US,1627425747
315,Muros,42.7762,-9.0603,144.1833333333333,80,3,3.94,ES,1627425747
316,Armavir,44.9892,41.1234,142.89444444444445,86,75,2.28,RU,1627425748
317,Marawi,7.9986,124.2928,145.59444444444443,79,100,2.83,PH,1627425748
318,Moultrie,31.1799,-83.7891,151.20000000000002,70,1,2.06,US,1627425748
319,Paamiut,61.994,-49.6678,137.92222222222222,78,11,4.18,GL,1627425748
320,Kushiro,42.975,144.3747,145.93333333333334,100,75,0.51,JP,1627425748
321,Atar,20.5169,-13.0499,153.05555555555554,20,83,2.77,MR,1627425748
322,Lima,-12.0432,-77.0282,145.36111111111111,77,90,5.14,PE,1627425748
323,Hervey Bay,-25.2986,152.8535,141.78333333333333,69,97,3.9,AU,1627425748
324,Cidreira,-30.1811,-50.2056,139.4944444444444,48,41,8.78,BR,1627425748
325,Mayor Pablo Lagerenza,-19.9309,-60.7718,142.42222222222225,34,97,3.4,PY,1627425748
326,Mandi,31.7167,76.9167,146.29999999999998,99,100,0.17,IN,1627425749
327,Mweka,-4.85,21.5667,144.02222222222224,32,28,0.94,CD,1627425531
328,Sechura,-5.5569,-80.8222,146.32777777777775,70,10,8.16,PE,1627425749
329,Kysyl-Syr,63.8986,122.7617,143.85555555555555,54,13,3.35,RU,1627425749
330,Kodinsk,58.6881,99.1844,144.36111111111111,91,100,1.58,RU,1627425749
331,Rossano,39.5751,16.6349,148.35,44,0,2.1,IT,1627425749
332,Khuzhir,53.1939,107.3397,142.24444444444444,71,25,2.5,RU,1627425749
333,Mana,5.6592,-53.7767,148.55555555555554,81,53,4.34,GF,1627425749
334,Saint-Leu,-21.15,55.2833,144.79444444444445,71,56,2.69,RE,1627425749
335,Hambantota,6.1241,81.1185,148.79444444444442,80,99,7.61,LK,1627425750
336,Marzuq,14.4,46.4667,147.5111111111111,70,45,3.17,YE,1627425750
337,Beringovskiy,63.05,179.3167,139.3,95,100,2.51,RU,1627425750
338,Oil City,41.4339,-79.7064,149.63333333333333,70,78,2.98,US,1627425750
339,Būlaevo,54.9056,70.4439,141.7888888888889,69,74,3.21,KZ,1627425750
340,Rudraprayāg,30.2833,78.9833,148.18333333333334,97,99,0.43,IN,1627425750
341,Kerema,-7.9631,145.7785,148.35555555555555,86,96,3.24,PG,1627425750
342,Tonstad,58.6626,6.7169,143.95555555555555,97,94,1.27,NO,1627425750
343,Latung,5.5,120.8833,149.83888888888887,81,77,7.0,PH,1627425750
344,Kazygurt,41.7589,69.3864,147.23888888888888,35,0,3.14,KZ,1627425750
345,Vila Franca do Campo,37.7167,-25.4333,145.2111111111111,87,13,3.85,PT,1627425750
346,Ulaangom,49.9811,92.0667,142.72222222222223,86,52,2.13,MN,1627425751
347,Al Bardīyah,31.7561,25.0865,148.22222222222223,67,0,2.71,LY,1627425751
348,San Quintín,30.4833,-115.95,147.35555555555555,68,1,6.16,MX,1627425751
349,Torbay,47.6666,-52.7314,144.76666666666665,98,90,7.72,CA,1627425751
350,Buala,-8.145,159.5921,149.3722222222222,78,95,4.56,SB,1627425751
351,Burriana,39.889,-0.085,148.02777777777777,78,0,1.4,ES,1627425751
352,Baracoa,20.3467,-74.4958,149.60555555555555,83,100,2.57,CU,1627425751
353,Ancud,-41.8697,-73.8203,138.82777777777775,81,97,1.26,CL,1627425751
354,Jérémie,18.65,-74.1167,150.00555555555556,76,87,2.35,HT,1627425751
355,Belaya Gora,68.5333,146.4167,136.77777777777777,80,100,5.26,RU,1627425739
356,Gisborne,-38.6533,178.0042,140.4388888888889,59,25,2.21,NZ,1627425752
357,Sola,-13.8833,167.55,149.17777777777778,78,75,5.14,VU,1627425752
358,Bandarbeyla,9.4942,50.8122,148.88888888888889,64,13,11.83,SO,1627425752
359,Pangody,65.85,74.4859,138.5222222222222,68,11,3.99,RU,1627425752
360,Yerbogachën,61.2767,108.0108,145.73888888888888,63,5,2.57,RU,1627425752
361,Clyde River,70.4692,-68.5914,140.15555555555554,71,75,6.17,CA,1627425752
362,Huilong,31.8111,121.655,148.79999999999998,96,100,11.62,CN,1627425752
363,Tadine,-21.55,167.8833,145.88333333333333,54,66,6.68,NC,1627425752
364,Ciudad del Carmen,18.6333,-91.8333,150.45555555555555,68,99,5.59,MX,1627425752
365,Petropavlovskaya,45.0819,40.4512,142.32222222222222,82,26,3.67,RU,1627425752
366,Sémbé,1.6481,14.5806,146.42777777777778,89,98,0.96,CG,1627425753
367,Évreux,49.0241,1.1508,143.51666666666665,94,0,2.06,FR,1627425753
368,Neiafu,-18.65,-173.9833,148.0722222222222,78,75,2.06,TO,1627425753
369,Samarai,-10.6167,150.6667,148.4388888888889,86,83,5.79,PG,1627425753
370,Alice Town,25.7167,-79.3,150.41666666666666,69,0,5.04,BS,1627425753
371,Gandorhun,7.5,-11.8333,146.7888888888889,95,100,1.68,SL,1627425753
372,Suruç,36.9761,38.425,149.03333333333333,36,0,8.53,TR,1627425753
373,Houma,29.5958,-90.7195,153.72777777777776,68,40,4.63,US,1627425753
374,Burnie,-41.0667,145.9167,140.42777777777778,84,100,10.29,AU,1627425753
375,Vyāra,21.1167,73.4,147.76111111111112,93,100,5.94,IN,1627425753
376,Inta,66.0317,60.1659,137.22777777777776,91,100,1.75,RU,1627425754
377,Manta,-0.95,-80.7333,147.79444444444442,83,20,3.6,EC,1627425754
378,Englewood,39.6478,-104.9878,155.07777777777775,21,40,0.45,US,1627425754
379,Makakilo City,21.3469,-158.0858,151.29444444444442,50,40,5.14,US,1627425754
380,La Providencia,28.7167,-111.5833,156.76666666666668,44,25,6.26,MX,1627425754
381,Waipawa,-41.4122,175.5153,139.2277777777778,71,0,0.7,NZ,1627425754
382,Hirado,33.3597,129.5531,148.77222222222224,82,4,3.14,JP,1627425754
383,Roald,62.5833,6.1333,145.13333333333333,82,75,3.6,NO,1627425754
384,San Julián,21.0167,-102.1667,148.5388888888889,34,26,3.43,MX,1627425755
385,Hobyo,5.3505,48.5268,148.10555555555553,71,99,9.29,SO,1627425755
386,Mossamedes,-15.1961,12.1522,144.31666666666666,82,57,0.46,AO,1627425755
387,Abhā,18.2164,42.5053,144.47222222222223,82,0,2.57,SA,1627425755
388,Pacific Grove,36.6177,-121.9166,153.15555555555557,76,1,1.34,US,1627425755
389,Kosa,59.9445,54.9977,138.33888888888887,95,91,2.09,RU,1627425755
390,Tari,12.4086,4.4914,146.7555555555556,93,100,3.91,NG,1627425755
391,Berlevåg,70.8578,29.0864,138.4388888888889,89,78,3.18,NO,1627425759
392,Pangnirtung,66.1451,-65.7125,138.41666666666666,100,90,0.0,CA,1627425760
393,Meulaboh,4.1363,96.1285,147.6277777777778,90,37,1.62,ID,1627425760
394,Bonfim,3.0833,-59.95,148.27777777777777,81,34,2.51,BR,1627425760
395,Barth,54.3635,12.7249,144.7888888888889,85,53,2.54,DE,1627425462
396,Owando,-0.4819,15.8999,147.85000000000002,46,85,1.63,CG,1627425760
397,Gummidipundi,13.4,80.15,150.08333333333334,60,100,3.95,IN,1627425760
398,Saint-Augustin,51.226,-58.6502,142.89444444444445,96,99,3.38,CA,1627425760
399,Boa Vista,2.8197,-60.6733,147.29999999999998,88,75,3.6,BR,1627425760
400,Mankāchar,25.5333,89.8667,148.39444444444447,91,100,2.51,IN,1627425760
401,Kayamkulam,9.1833,76.5,147.3722222222222,91,62,2.59,IN,1627425760
402,Benghazi,32.1167,20.0667,148.47777777777776,70,0,6.58,LY,1627425761
403,Lavrentiya,65.5833,-171.0,137.77777777777777,99,100,4.32,RU,1627425761
404,Galesong,-5.3166,119.3661,145.0888888888889,69,34,2.5,ID,1627425761
405,Sabha,27.0377,14.4283,150.2888888888889,22,0,5.0,LY,1627425761
406,Loreto,22.2667,-101.9667,148.45,27,46,5.96,MX,1627425761
407,Kalga,50.9251,118.898,143.2611111111111,92,15,0.34,RU,1627425761
408,Wenzhou,27.9994,120.6668,149.2888888888889,95,99,1.78,CN,1627425761
409,San Miguel de Tucumán,-26.8241,-65.2226,140.63888888888889,43,20,2.57,AR,1627425628
410,Walvis Bay,-22.9575,14.5053,142.04444444444445,72,0,0.51,NA,1627425761
411,Natal,-5.795,-35.2094,147.92777777777778,88,20,3.09,BR,1627425537
412,Makaha,21.4694,-158.2175,151.72222222222223,57,75,5.14,US,1627425761
413,Jamkhed,18.7362,75.3121,146.29444444444442,85,100,6.05,IN,1627425762
414,Parvatsar,26.8833,74.7667,148.07777777777778,87,100,7.15,IN,1627425762
415,Sovetskiy,61.3614,63.5842,137.84444444444443,77,93,2.16,RU,1627425762
416,Alice Springs,-23.7,133.8833,143.83333333333334,36,90,2.57,AU,1627425762
417,Mareeba,-17.0,145.4333,144.6,86,11,1.54,AU,1627425762
418,Xichang,27.8964,102.2634,144.64999999999998,97,100,0.78,CN,1627425762
419,Portland,45.5234,-122.6762,152.34444444444446,40,40,0.89,US,1627425569
420,Santo Augusto,-27.8508,-53.7772,136.58333333333334,57,2,4.8,BR,1627425762
421,Ambon City,-3.6954,128.1814,147.90555555555557,100,40,3.09,ID,1627425762
422,Sambava,-14.2667,50.1667,144.66666666666666,83,58,4.3,MG,1627425763
423,Aksu,41.1231,80.2644,149.92777777777778,33,85,4.32,CN,1627425763
424,Ketchikan,55.3422,-131.6461,143.56111111111113,67,75,2.06,US,1627425763
425,General Roca,-39.0333,-67.5833,139.64999999999998,39,4,4.35,AR,1627425763
426,Zhangaözen,43.3,52.8,147.75,29,92,10.72,KZ,1627425763
427,Anan,33.9167,134.65,149.79444444444445,74,90,1.85,JP,1627425763
428,Pervomayskiy,53.2485,40.2871,143.88888888888889,77,21,2.56,RU,1627425763
429,Erzin,36.9559,36.2,150.8,71,0,0.76,TR,1627425720
430,Truckee,39.328,-120.1833,151.11666666666667,35,75,2.06,US,1627425763
431,Talara,-4.5772,-81.2719,145.10000000000002,85,4,6.37,PE,1627425763
432,Catalina,32.5056,-110.9211,153.3,62,32,5.57,US,1627425764
433,Caconda,-13.7333,15.0667,140.66666666666666,28,0,0.6,AO,1627425764
434,Johnstown,40.3267,-78.922,150.97777777777776,51,1,4.12,US,1627425764
435,Henties Bay,-22.116,14.2845,141.95,84,0,3.25,NA,1627425764
436,La Ciotat,43.1748,5.6045,147.8,75,24,0.59,FR,1627425764
437,Cocobeach,1.0002,9.5823,147.8388888888889,85,53,3.63,GA,1627425764
438,Saldanha,-33.0117,17.9442,141.2111111111111,76,100,3.61,ZA,1627425764
439,Porto Santo,33.072,-16.3415,146.72222222222223,64,75,6.69,PT,1627425764
440,Petropavlovsk-Kamchatskiy,53.0452,158.6483,145.82222222222222,64,0,5.0,RU,1627425765
441,Mogadishu,2.0371,45.3438,147.68888888888887,81,90,9.39,SO,1627425769
442,Saint-Raymond,45.467,-73.6095,146.02777777777777,70,75,1.03,CA,1627425769
443,Mount Gambier,-37.8333,140.7667,138.38888888888889,87,75,4.63,AU,1627425769
444,Leirvik,59.7798,5.5005,144.35,94,100,3.61,NO,1627425769
445,Umm Kaddadah,13.6017,26.6876,149.75555555555556,55,83,4.78,SD,1627425769
446,Sørland,67.667,12.6934,141.15555555555554,87,5,4.81,NO,1627425769
447,City of San Pedro,14.35,121.0167,149.14444444444445,95,90,5.14,PH,1627425769
448,Hamilton,39.1834,-84.5333,151.8222222222222,52,1,0.45,US,1627425769
449,Fethiye,36.6217,29.1164,147.26666666666665,42,0,3.18,TR,1627425724
450,Koson,39.0375,65.585,150.1833333333333,17,0,10.88,UZ,1627425770
451,Sept-Îles,50.2001,-66.3821,144.6888888888889,68,75,3.6,CA,1627425770
452,Noumea,-22.2763,166.4572,146.31666666666666,99,49,5.8,NC,1627425770
453,Santa Isabel,-23.3156,-46.2214,147.79444444444442,54,40,1.51,BR,1627425485
454,Bathsheba,13.2167,-59.5167,149.71666666666667,69,20,7.72,BB,1627425770
455,Beruwala,6.4788,79.9828,148.5222222222222,88,100,4.42,LK,1627425770
456,Goundi,9.3627,17.366,145.4333333333333,97,100,1.34,TD,1627425770
457,Champerico,14.3,-91.9167,151.91666666666666,72,39,2.78,GT,1627425771
458,Dumai,1.6833,101.45,146.86111111111111,93,73,0.97,ID,1627425771
459,Sinnamary,5.3833,-52.95,148.39999999999998,82,9,4.05,GF,1627425771
460,Mattru,7.6244,-11.8332,146.80555555555554,95,99,1.55,SL,1627425771
461,Broome,42.2506,-75.833,146.18333333333334,95,40,1.34,US,1627425771
462,Medowie,-32.7333,151.8667,144.79999999999998,52,56,2.25,AU,1627425771
463,Havre-St-Pierre,50.2334,-63.5986,143.52777777777777,82,1,7.2,CA,1627425771
464,Ko Samui,9.5357,99.9357,149.70555555555558,77,48,8.62,TH,1627425771
465,Bosaso,11.2842,49.1816,151.13333333333333,42,8,12.12,SO,1627425771
466,Lloret de Mar,41.6999,2.8457,148.1888888888889,96,0,2.24,ES,1627425772
467,Kismayo,-0.3582,42.5454,147.47777777777776,81,78,9.03,SO,1627425772
468,Cabedelo,-6.9811,-34.8339,147.5111111111111,84,6,4.67,BR,1627425772
469,Blairmore,49.6,-114.4353,150.13888888888889,21,100,5.66,CA,1627425772
470,Naze,28.3667,129.4833,148.14444444444447,87,97,5.03,JP,1627425772
471,Zhalantun,48.0,122.7167,145.29444444444442,85,1,2.18,CN,1627425772
472,Shache,38.4167,77.2406,149.45,27,72,3.78,CN,1627425772
473,New Albany,38.2856,-85.8241,152.39999999999998,47,20,0.45,US,1627425772
474,Cayenne,4.9333,-52.3333,149.43333333333334,85,75,1.79,GF,1627425772
475,Nha Trang,12.25,109.1833,149.52777777777777,76,100,2.94,VN,1627425773
476,Gazalkent,41.5581,69.7708,146.30555555555554,39,0,0.72,UZ,1627425773
477,Alexandria,31.2156,29.9553,148.9611111111111,74,0,4.12,EG,1627425030
478,Chicama,-7.8447,-79.1469,144.13888888888889,79,13,4.69,PE,1627425773
479,Gizo Government Station,-8.103,156.8419,149.64999999999998,74,86,3.62,SB,1627425773
480,Bjørnevatn,69.6672,29.9847,138.5222222222222,93,20,2.57,NO,1627425773
481,Concordia,-31.393,-58.0209,137.49444444444444,51,3,2.72,AR,1627425773
482,Asbury Park,40.2204,-74.0121,152.85000000000002,57,1,3.13,US,1627425773
483,The Valley,18.217,-63.0578,150.1277777777778,70,40,5.66,AI,1627425773
484,Guasdualito,7.2424,-70.7324,147.83333333333334,92,28,1.08,VE,1627425773
485,Laguna,38.421,-121.4238,155.7111111111111,22,1,0.45,US,1627425774
486,Makkah al Mukarramah,21.4267,39.8261,151.20555555555558,47,81,1.62,SA,1627425774
487,Chumikan,54.7183,135.315,145.96666666666667,62,100,3.37,RU,1627425774
488,Kieta,-6.2167,155.6333,149.39444444444447,77,98,0.97,PG,1627425774
489,Saint-Paul,-21.0096,55.2707,145.11666666666667,75,59,0.9,RE,1627425774
490,Mitsamiouli,-11.3847,43.2844,147.4111111111111,71,12,2.41,KM,1627425774
491,Yangi Marg`ilon,40.4272,71.7189,149.19444444444446,39,2,2.06,UZ,1627425774
492,Gaoua,10.2992,-3.2508,147.12777777777777,81,95,2.39,BF,1627425774
493,Banjar,-8.19,114.9675,147.2611111111111,83,33,2.45,ID,1627425774
494,Praia da Vitória,38.7333,-27.0667,146.55,94,75,3.45,PT,1627425774
495,Şibot,45.95,23.3333,145.90555555555557,52,22,0.31,RO,1627425775
496,Biloela,-24.4167,150.5,143.81666666666666,68,0,3.92,AU,1627425775
497,Dallas,32.7668,-96.7836,155.72777777777776,43,75,0.89,US,1627425600
498,Mazamari,-11.3258,-74.5308,147.67222222222222,70,65,0.64,PE,1627425775
499,Tezu,27.9167,96.1667,148.36111111111111,78,99,1.28,IN,1627425775
500,Tommot,58.9564,126.2925,145.25,83,4,1.18,RU,1627425775
501,Mora,11.0461,14.1401,146.31111111111113,90,100,0.59,CM,1627425775
502,Aloleng,16.1307,119.7824,149.46666666666667,84,100,8.51,PH,1627425776
503,Vancouver,49.2497,-123.1193,150.0,54,40,3.13,CA,1627425377
504,Were Īlu,10.6,39.4333,140.4777777777778,91,98,1.43,ET,1627425776
505,Haftoni,38.7632,48.7622,147.77222222222224,69,40,0.0,AZ,1627425776
506,Narsaq,60.9167,-46.05,139.59444444444443,70,60,1.95,GL,1627425776
507,Thinadhoo,0.5333,72.9333,149.35,74,100,3.56,MV,1627425776
508,Bariloche,-41.1456,-71.3082,136.67222222222222,36,0,1.54,AR,1627425500
509,Tambura,5.6,27.4667,144.7,98,59,0.91,SS,1627425776
510,Kutum,14.2,24.6667,145.8,79,92,4.76,SD,1627425776
511,Tortolì,39.9256,9.6572,147.23888888888888,78,0,5.66,IT,1627425776
512,Bakchar,57.0186,82.0711,141.4611111111111,67,100,1.78,RU,1627425776
513,Korla,41.7597,86.1469,150.34444444444443,18,5,6.12,CN,1627425777
514,Vila Velha,-20.3297,-40.2925,148.16111111111113,71,0,4.63,BR,1627425560
515,Palu,-0.8917,119.8707,147.54444444444442,91,67,1.33,ID,1627425777
516,Bolitoc,15.7395,119.8769,149.02777777777777,89,100,6.0,PH,1627425777
517,Guerrero Negro,27.9769,-114.0611,148.68333333333334,54,0,7.28,MX,1627425777
518,Port Chester,41.0018,-73.6657,152.2722222222222,57,20,0.89,US,1627425777
519,Upata,8.0086,-62.3989,146.6833333333333,95,100,1.81,VE,1627425777
520,Chabahar,25.2919,60.643,150.4611111111111,84,100,5.19,IR,1627425777
521,Rawson,-43.3002,-65.1023,137.32777777777778,65,56,8.11,AR,1627425777
522,Bartica,6.4,-58.6167,149.62777777777777,97,50,1.47,GY,1627425777
523,Nizwá,22.9333,57.5333,152.95,36,100,2.32,OM,1627425778
524,Makurdi,7.7411,8.5121,146.21666666666667,82,38,1.23,NG,1627425778
525,Taltal,-25.4,-70.4833,141.66666666666666,79,10,1.68,CL,1627425780
526,Palauig,15.435,119.9045,149.15,87,100,5.27,PH,1627425780
